pretty_comp,optb88vdw_bandgap
Be2BiMo,0.0
LiCo2Ge,0.0
Th(AlC)4,0.0
Nb2Co3Si,0.0
Si2N2O,4.6249
Pm2ZnRu,0.0
Be2SbPt,0.0
Sc2MnSn,0.0
SmInAg2,0.0
Ba4MgIn,0.0
YbPPt,0.0
TbCl2F,4.8895
CaCuSb,0.0
RbSbS2,1.9489
Li3V2Cr2O8,0.0
HfBe2Ir,0.0
FeSiGe,0.3451
VH,0.0
UGa5Co,0.0
Nb3Fe,0.0
RbAlO3,0.0
Sm5Co2,0.0
Sc(MnAl2)4,0.0
Li3BiO4,1.4123
U(SiAu)2,0.0
LiTiBe2,0.0
Ag2F,0.0
KSiTc2,0.0
ScIr,0.0
BeReBi2,0.0
TmTiGe,0.0
MnCoSb,0.0
CaMgNi4,0.0
Si3P,0.0
Pm2SiPd,0.0
KAg2AsO4,0.2487
H3BrO,4.4683
Sm(SiRh)2,0.0
LiCaAu2,0.0
Li2TlPt,0.0
BaGa4,0.0
BaCuBi,0.0
NbInRu2,0.0
PdSeO4,1.2927
Yb3SiO,0.0
ErAlAg2,0.0
KInTe2,1.1146
ScGe2,0.0
Co(MoS2)2,0.0
NaBe2Ge,0.0
Be2ZnPb,0.0
TmThTc2,0.0
SbAsRu,0.0
Mn2BeGe,0.0
CuAu3,0.0
Fe3Si,0.0
Ba4YSe,0.0
Ti2RePt,0.0
Na3VO3,0.0
Rb2NaTlF6,3.6825
SmSnAu,0.0
LiInGe,0.0
Ba2InBrO3,2.0435
HoGeRu,0.0
Na2BeIr,0.0
KBaV,0.0
BeSb2Br,0.0
Zr2Co2P7,0.0
NdCdAu2,0.0
Dy2AgOs,0.0
TiAs,0.0
PrI2,0.0
Np2InNi2,0.0
ErBi2IO4,1.5568
ScAlCo2,0.0
Mg4As6Ir7,0.0
ScCl,0.0
Sr2CdIn,0.0
YCrF5,0.0
HoBr3,2.5614
MgScGa,0.0
KTiS2,0.0
H2CSO4,6.2529
Na7NbO6,3.0174
GeSb,0.0
CeIr5,0.0
Si3MoPt2,0.0
MgSiO3,2.9213
ThBr4,3.16
BeHgTe2,0.0
SiS2,2.7267
Yb2SiO5,0.0524
CrGe,0.0
Ta2O5,3.1766
SiB,0.0
Rh3Se8,0.0
TbSb,0.0
LuInAu2,0.0
Li2TiNi2O5,0.0
BeInPb2,0.0
Be2VRe,0.0
YHgPd2,0.0
RbSb2,0.385
Sc4TaBe,0.0
FeTc2Cl,0.0
Bi(BO2)3,3.9729
PmCu2Sn,0.0
AsOs2Cl,0.0
CaAsAu,0.0
KCeS2,0.0
FeAgO2,0.0
SrSiO3,3.0362
Dy2IrRu,0.0
KYb2F7,0.1387
SrBeSi4,0.0
Hf3ZnN,0.0
Li3BN2,3.784
Be2CrHg,0.0
GaGeRu2,0.0
Pr(Al2Fe)4,0.0
Ti(FeO2)4,0.0
BaHf4Cu,0.0
Ba2HfTe,0.0
TbCuSi,0.0
PrAl3Ni2,0.0
BaNa2Pd,0.0
NdIn3,0.0
TiMn(PO4)2,0.4802
SrTaBe,0.0
BaSrPb,0.3243
Sm3PbC,0.0
Ba2YB2ClO6,4.2049
CeCdAsO,0.0
CaMo2O5,0.2993
LiBePd,0.0
Yb(As2Rh3)2,0.0
TaBeNb,0.0
K(Cu2As)2,0.0
VZnO3,0.0
TlHg5Cl,2.5502
Ce(Mo3S4)2,0.3367
LiCeSn2,0.0
LuCdHg2,0.0
Rb2P3,0.74
Zr2NiAs2,0.0
GeF2,4.299
NaSnPd2,0.0
YZnGe,0.0
Ba3(PO4)2,5.3778
YTmO3,4.958
NaSr3SbO6,3.1534
MgNi,0.0
BeTlPb2,0.0
ZrSiO4,4.0832
Ho2CuRh,0.0
CeZn,0.0
Co3OF5,0.0
Ir3Se8,0.0
KAg3Se2,0.0
CeCoSi,0.0
SrAlSiH,0.7098
SrSn,0.0
NdMn2,0.0
SrIn2Ir,0.0
MnNiAs,0.0
CaMnBe2,0.0
NbPd2,0.0
KSnS2,0.0
Mg2TaSnO6,0.0
YCuP2,0.0
CdTeMoO6,3.0765
Ba4VTe,0.0
BeOsPb2,0.0
Mo3O8,0.0
DyAlO3,3.1657
TcH4NO4,3.4191
BePd3,0.0
B5H,4.6217
Li2BeNb,0.0
TaB2,0.0
Tl2SiS3,2.0516
Ba4ZrMo,0.0
MnGeRu2,0.0
GaSiAs,0.0
MnP2O7,0.6766
KBeW2,0.0
SmCuSeO,1.4738
YTiGe,0.0
Tm4InRh,0.0
SmAlAg2,0.0
SnI4,0.5171
TbFeC2,0.0
Li2MnV4NiO2,0.1313
Li2SbAu,0.0
RbB,0.0
YbRh2,0.0
U3Si2C3,0.0
UB2Os3,0.0
TaBi4ClO8,1.2678
Li2MnCr3O8,0.0
Na3Sb3(AsO2)2,1.7291
TmSb,0.0
Sn7Ir5,0.0
PrMgGa,0.0
TlFeF3,0.0
Li3MnP2HO8,2.3055
H6RhN5(Cl2O)3,1.672
BiAuBr6,1.1589
Ba2SnHg,0.0113
LaCuPb,0.0
NaTeF5,5.4077
ThSb,0.0
V2InC,0.0
BeFe4Ge,0.0
BaMgIr2,0.0
BaNaLa,0.0
LaSb2Au,0.0
BeCoBi4,0.0
LuThTc2,0.0
ZrSiO,0.0
Sm2Tl,0.0
BaB2F8,8.4561
LiFe3(SnS4)2,0.0
V2Te2O7F2,0.6553
CePmTl2,0.0
ZrAl3,0.0
LuIr2,0.0
RbSeBr3,1.6052
BeNb2Fe,0.0
TmGe2,0.0
La2ZrBe,0.0
SrBeGe,0.0
Dy3SnC,0.0
CaCrF6,0.0
VCdAgO4,1.9619
KTa(AgSe2)2,1.6597
Ca(GaS2)2,2.7073
DySb2,0.0
DyBiRh,0.0
K2SrCdSb2,0.38299999999999995
KTaO3,2.2284
Li2CoCl4,0.0
KF,6.4609
SrAgO3,0.0
YPb2,0.0
LuUO3,0.0
Sr2FeBrO3,0.0
Li2TeO3,3.942
Be2PtAu,0.0
BaNaTe,0.0
ZrV2,0.0
BaCuTe2O7,0.0
Ba4BiSb,0.0
CeSiO4,1.7163
PmCdRh2,0.0
RbBi,0.0
Sb2S3,1.318
Fe5SiB2,0.0
KVP2S7,0.0
CdCo2As,0.0
YbRh,0.0
CdTcAs,0.0
PuPt2,0.0
AlFeO3,0.0
HgBrN,0.0
CaBeCu2,0.0
TiAl3,0.0
TmP5,0.3116
CaTiF5,0.1632
Be2CrPt,0.0
CrNi3,0.0
AsH6NO4,4.3014
Cu4Si2NiS7,0.0
YbCo3B2,0.0
Sb3Rh,0.0
HfCuHg2,0.0
LiTi2Ir,0.0
Be2VHg,0.0
CaNdHg2,0.0
ThB4Mo,0.0
K(SnAu)3,0.0
DyInRh2,0.0
BaYCuWO5,0.0
LiGa(MoO4)2,3.4389
ScHgAu2,0.0
Ba4CrRe,0.0
Nd5AgS8,1.5984
In6TeO2,1.247
BaSnF6,5.2211
Th(GeOs)2,0.0
Ba4TlCu,0.0
BaMg(AgO2)4,0.0
MoF6,4.1506
ScCu2,0.0
VCrO4,0.0
SrCa(CO3)2,4.9267
Li4VFe3O8,0.0
BeNb2Ir,0.0
AlCrF5,0.0
RbH,2.9705
Ba4PRh,0.0
Zr3NiO,0.0
VSi2As,0.0
CeAs,0.0
LiBe2Tc,0.0
CaMn(GeO3)2,0.3789
CaTmCd2,0.0
TiBe2Os,0.0
CaBeIr2,0.0
VFeSb,0.5141
GePbS3,1.6579
TbSi2Rh3,0.0
YZn,0.0
Fe2CuGe2,0.0
Ba4TlCo,0.0
Rb3CuO2,1.6557
B3C2,0.0
TbMgHg2,0.0
CoMo,0.0
BeNbCu2,0.0
Ho2CuPd,0.0
SmSeClO3,4.3956
BaScGe2,0.0
Ni(NF2)2,1.6538
CaBePt2,0.0
Cd3SiO5,1.1253
Tl(Cu3S2)2,0.0
Y2SeO2,2.3286
Ba3Al3Ga2,0.0
HfCdAu2,0.0
BePBr,0.0
NaTaBe,0.0
K2NiF6,1.5348
Li2Fe5O5F7,0.0
Mo3P,0.0
U(PdS2)2,0.0
BeFe2Mo,0.0
Zn(CN)2,5.8964
UTeN,0.0
KTcO3,0.0
VCuO2,0.0
Na2Mg(CO3)2,4.5782
Sm2Ge5Ru3,0.0
Tm2Zr2O7,2.4957
ScBeTc2,0.0
Li2PmGe,0.0
Li2CeSb2,0.0
NaZnP,0.8346
BaCrIn,0.0
KUCuS3,0.0
CaYRh2,0.0
Li2UO4,2.2214
Yb(NdS2)2,2.0631
MgCo2S5,0.0
MgSiN2,3.7015
AlAgSe2,1.2191
TiSiPt,0.9698
CaBeSi2,0.0
SmGePt,0.0
Na2BeBr,0.0
TiZn(GeO3)2,2.0741
BaAlCuSnO5,0.0
Ba4NaSi,0.0
Li3Al,0.0
Tb3CuGeS7,1.7365
MnSbPt,0.0
U3Si,0.0
HoClO,5.2077
Zn(AgO2)2,0.4139
Er(HO)3,3.8085
LiNiF3,0.0
ErFe4B,0.0
Ca3GeO,0.0
NdF3,5.6229
NaVO2,0.0
BeTl2Cl,0.0
H2S,3.1514
NbAs,0.0
ZnSn2O5,1.0459
ZnF2,3.7701
YbAsO4,0.0
Cu2WS4,0.7872
Mg(CrS2)2,0.8981
Ba4SrCo,0.0
NiAsPd,0.0
NaAl3,0.0
Li7Ni5O2,0.0
SrCaSn,0.3217
YCdHg2,0.0
MnBe2Tc,0.0
Be2PtRh,0.0
BaCaMn4O8,0.0
BaTh3,0.0
ScNi2,0.0
ThB2Ru3,0.0
MnZnF6,1.9631
MgBeSi2,0.0
CaBe2Rh,0.0
K3Nb,0.0
RbErS2,2.3579
KBe2Sn,0.0
Li5Nb2Fe3,0.0
Cr2AgBiO8,1.3019
HfAs2,0.0
KRb2MoF6,1.9048
Ba2Si,0.0
Hf2CuGe4,0.0
Zn(CoS2)2,0.5814
MgVRu2,0.0
Li5Fe5(CoO)2,0.0
Y(SiIr)2,0.0
ScB4Os3,0.0
Sc2TcPt,0.0
Be2NbP,0.0
AgSbPd2,0.0
PrAsO4,3.9595
Li(FeO2)2,0.0
Be2Pt,0.0
Dy2CdSe4,0.5924
TbYRh2,0.0
BiTePd,0.0
Cu2GeS3,0.0
Li2SnIr,0.0
Ba4CaP,0.0
CeSi2Ir3,0.0
Ba2NaGa,0.0
Ba(BrO3)2,4.284
AlBr4,0.0
K2BeTl,0.0
Ho2NiAs2,0.0
ZrSnPd2,0.0
NaAgO,1.3858
NdCo2,0.0
BaAg2,0.0
BaAlGe,0.0
Be2Ag,0.0
BeReMo,0.0
LiCu3F7,0.0
Sr(GaAu)2,0.0
Ti2BeSn,0.0
HfGa3,0.0
Mg2BeFe,0.0
SrCaPb,0.39299999999999996
SrAl2B2O7,4.7263
K2NaGaP2,1.4397
NaRu3,0.0
ClO3,1.2206
Co5BiO2,0.0
NdTa3O9,3.3666
CaCr4O8,0.0
CaZnF4,5.4152
ThS,0.0
PmDy3,0.0
Ba9(NdS)2,2.1523
RbMgPO4,4.7755
NdCd2,0.0
BeRe2Bi,0.0
BaZn2Os,0.0
BaIrO3,0.0
KBeRu2,0.0
Ba(MgAs)2,1.1520000000000001
MgSn2O5,1.5992
KMn(SeO4)2,0.6522
Nd3Mg,0.0
Ti2MnIn,0.0
BeNi4P,0.0
UCo4Sn,0.0
Tb(CoSi)2,0.0
Th2Cu,0.0
Zn(MoO)6,0.0
K2ZnBr4,3.6819
Tl3AsO4,2.5815
Tb(CuS)2,0.0
Sc2GaRu,0.0
Rb3Ca,0.0
FePt3,0.0
EuIO,3.6446
Ba4SnSb,0.0
BaThBr6,2.8523
Li5Ti3O8,0.0
TbPb3,0.0
Dy2Be2GeO7,4.6009
K2SnO2,1.7789
MoAsW2,0.0
YP,0.0
RbCd4As3,0.0
Ba4IrW,0.0
K2Be2Co,0.0
Li2Mn(NiO3)2,0.0
Zr2ZnPt,0.0
DyGa2,0.0
KDyS2,2.3391
Rb2U3(IO5)4,2.1218
Na2VBAsO7,0.0901
Al4Cu2O7,0.0
MnNi2Ge,0.0
MgBeCu4,0.0
Pr2TlAg,0.0
YbFe2,0.0
K2SrV4O2,2.8306
Ca2BeBr,0.0
SbBrO,1.6989
Ba4HgOs,0.0
Sm3OsO7,0.0
ZrVGe,0.0
K2CuP,1.2482
Mg2BeNb,0.0
Ba2N,0.0
CoCuO2,0.6258
ErTlPd,0.0
Sr5P3O2F,5.6115
ScCuO2,2.4683
LiAlH4,4.2371
Hg2Rh,0.0
MgO,2.9944
TiInRh2,0.0
TbI3,1.6908
Tm2CdS4,1.1554
Pu3Sc,0.0
HPd,0.0
ErPt2,0.0
Nb4FeSi,0.0
TbTlPd,0.0
LiRhO2,1.5034
Ag3P,0.0
ScCrC2,0.0
NdCo9Si4,0.0
ZnPd3,0.0
YbAl3(B2O)2,0.0
SmZnIn,0.0
Th(CuSn)2,0.0
Li2MgTl,0.0
Ba4ReSb,0.0
TbMn2BiO6,0.0
PrRu2,0.0
TlAsRh,0.0
K7NbAs4,1.3187
Rb2LiInCl6,2.8517
SrTa4O,3.6193
LiCeSn,0.0
PuAl3,0.0
KCl,5.348
Li3Mn(CoO3)2,0.0
LuGeAu,0.0
UCuP2,0.0
La(MnSi)2,0.0
NbCo3O8,0.0
CaBeRu2,0.0
FeClO,0.0
BaLiIn,0.0
Ca2TlHg,0.0
Ba4CoBr,0.0
TiNiSb,0.0
BeTlIn2,0.0
BaTiF6,4.2841
Be2InTc,0.2858
YB6,0.0
PrSb3,0.0
Ba2CaTa,0.0
V3Si,0.0
Ba4GaPt,0.0
Ba2AlCu3O7,0.0
H2CO3,5.9416
Li4V3Ni3(WO3)2,0.0
Rb2ThF6,6.7545
AsSeBr,0.0
Mg(SbO2)2,0.0957
As2Se3,1.1358
B2Mo2Ru,0.0
Sr(NiSb)2,0.0
MnSnO3,0.0
Li3FeS3,0.0
LiMnPO4,2.0868
TlAu3,0.0
Sm2AlNO3,1.2319
Al2B2Ru3,0.0
HfZnO3,0.0
Y2TeO2,1.2354
CaCr2F2,0.0
YbCdPd2,0.0
Sn7Ir3,0.0
TaRu,0.0
Fe2B,0.0
Ga2Cu,0.0
BaIn2Pd,0.0
TaBeP2,0.0
KCrO2,0.0
TmAlCu,0.0
Sc2AlCu,0.0
NbPt,0.0
BeCdPb2,0.0
Sr6(RhO)5,0.0
GaAgO2,0.4541
Na5ReO6,2.3064
TiSnPd2,0.0
DySn3,0.0
AcGaTe2,0.5995
Li6WN4,1.7529
CaMgSi,0.0
Mg(AlH4)2,4.6643
Be2TlIr,0.0
Ba4P2O,0.9464
LiBeBO3,6.4989
YbBi2IO4,0.0
CaPmAu2,0.0
BaBrCl4,0.0
ErSeI,2.1941
K2NaAlAs2,1.2475
Ba4CoOs,0.0
U(CoP)2,0.0
BeInBi,0.0
BaAl4,0.0
Ca3(FeN2)2,0.0
Ba4CdPb,0.0
Na2MnAsCO7,0.3052
YNbRu2,0.0
NiSb2,0.0
B5Mo2,0.0
K3VSO3,2.9146
KNdGeS4,2.2719
Ba2VPb,0.0
HfPt3,0.0
Nd5AgSe8,1.4621
SmBi2BrO4,1.3685
PAuClF3,3.2509
KTe3O6F,3.107
NbSn2,0.0
ZrTi2Be,0.0
LiBePt2,0.0
LiNi(CO3)2,0.9358
CeSiRu,0.0
Mo3WS8,0.8579
ZrTlCdF7,5.1285
LuBr3,2.695
Ba4TlSi,0.0
ZrTe2,0.0
Mg3Sb2,0.2535
ZnCu2SnSe4,0.0
PrGaAu2,0.0
UO3,0.54
Sr2Fe2S2OF2,0.0
NdCd,0.0
Co2P,0.0
SmGaAu2,0.0
Li4Fe2TeWO2,0.0
Ag3SnP7,0.4472
CaCrF5,0.0
Sc2CuOs,0.0
Lu3BC3,0.0
WBr6,0.3401
ZrInPd2,0.0
NdRh,0.0
SrHIO,4.1168
Al3(Co10B3)2,0.0
BaZnP2,0.0
MnBeV2,0.0
Sc2CoRu,0.0
ZnRe2As,0.0
TbCuSn,0.0
PrMgTl2,0.0
Lu2AgOs,0.0
ReRh3,0.0
NaPrS2,1.9997
PrSbPt,0.0
Ho(GePd)2,0.0
TlV5Se8,0.0
Tb(SiRh)2,0.0
YSnAu,0.0
LiNiBO3,0.4427
Ba2SrNi,0.0
NaH2N,2.0595
CuAgO2,0.0
Re2O7,0.0
Ba3Si6N4O9,4.687
NdSiRu,0.0
ScTiRu2,0.0
BaLi2Cl,0.0
Sr(BIr)2,0.0
NdBPt2,0.0
SbCl4F,1.2156
Be2ReSb,0.0
Rb2Li2SiO4,4.3803
ScBeIn,0.0
ZrNi4Sn,0.0
Ni4W,0.0
Li2CaTa2O7,2.1717
LiTaBe,0.0
ErInRh2,0.0
MgCd,0.0
Ti2B,0.0
TaBe2Ni,0.0
KNd3,0.0
Sr4MgCo2(SO3)2,0.0
LuBi3,0.0
Y2Cl3,0.7059
MnTePd,0.0
Ba4HgIr,0.0
TiBeCu,0.0
Ho6FeSb2,0.0
SrAl4,0.0
Y4BeZn,0.0
Sr2CuTeO6,0.2466
SrBeIn2,0.0
Sc2GaTc,0.0
FeCo2Si,0.0
BePW,0.0
LiV6O7F5,0.0
Ba4CrCo,0.0
K3LiP2O7,5.3523
CrCdO4,2.0366
Hf2TcRu,0.0
MnCo3,0.0
SmMgIn,0.0
LiSi3Pd,0.0
Ta4FeP,0.0
Ni2Ge,0.0
DyMgIn,0.0
MgAgAs,0.0
SiSbPt5,0.0
BaNaB9O5,5.5613
DyScSb,0.0
ReAsIr2,0.0
Ba2TbIrO6,0.0
BaCoO2,0.0
TiZnF4,0.0
UAl2Cu,0.0
DyFe2,0.0
Y4Ga2Pd,0.0
P2Ru,0.5142
YbPmAu2,0.0
BeNi3,0.0
Li3Cr(CoO3)2,0.0
FeCu2Sn,0.0
KTbS2,2.369
Ho6WO2,0.4718
K2PaF7,4.3431
RbCoCl3,0.0
NaBiO3,1.0482
Ba2ZnPb,0.0
Be2NbSn2,0.0
Tl5Se2I,0.7734
LiCa2Sn,0.0
SrSbPt,0.0
Nd2SnS5,0.0
NaNdAu2,0.0
NaTcAs,0.0
PmMgZn2,0.0
FeAsS,0.6584
LiBeCd,0.0
LiV2O5,0.1429
Ba4GaSb,0.0
AlCoO3,0.0
Sm(SiNi)2,0.0
CaGe2,0.0
CaGa2,0.0
BeTlCr,0.0
TiBePt2,0.0
Te3Mo2S,0.2656
Li3AuS2,2.1259
AgPbO2,0.2025
YbZn2,0.0
BaCu2Ir,0.0
BaPb2C2(O3F)2,4.2332
K2RbAs,0.8548
Hg(AuF4)2,1.7227
BeCd4Mo,0.0
BeCdOs2,0.0
Ba2TiCl,0.0
Li2CrNi(PO4)2,0.0
BaInCl,0.0
Mg2Si,0.0
HfMgHg2,0.0
YInPt2,0.0
USnAu2,0.0
Mn2BeCl,0.0
TiBe2Sn,0.0
Er2Mo2C3,0.0
Li2VCo3O8,0.3382
SrZrCo,0.0
Nb3N5,0.7465
YBe2Cu,0.0
CsCeS2,0.0
NaBeV2,0.0
Pr2S3,0.8149
Li6PS5Br,2.116
Ce3Zn,0.0
NaAuC2,1.5238
Ba4ZrGa,0.0
TiGePd,0.0
LiBeV2,0.0
N2O5,0.9314
HoNi2,0.0
Tm2CuOs,0.0
BaGa2B2O7,4.2093
BePSe,0.0
NaLi2B(PO4)2,6.2051
YbLuPt2,0.0
Na2Se,2.1726
AcMg5,0.0
MoW(SeS)2,0.644
B2S3,1.3311
ScAl2,0.0
Sr4As2O,1.2211
BeBiPt,0.0
Li2CrCoO4,0.0
AsCl3O,2.3257
BaCa2I6,3.2653
Sc(AlC)3,0.1125
LiTi2Be,0.0
MnH4(CO3)2,1.0613
TiTc2Sb,0.0
GeCl4,3.7439999999999998
Pr3TlC,0.0
MnBe2Cr,0.0
TlAsOs,0.0
Y2Si4Mo3,0.0
Ni3(BiS)2,0.0
MnCo2Sb,0.0
Zr4Al3,0.0
PrSb,0.0
Ba4VMo,0.0
Ba2SnHg,0.0113
ZrFeCl6,0.0
ErCoSi2,0.0
Mn2BeRh,0.0
ScPRu,0.0
BaNa2Mg(PO4)2,5.3139
Rb2BeF4,7.3097
BeV2Se,0.0
Li2V(CO3)2,1.047
Ti2AlFe,0.0
MnAlFe2,0.0
NbPbS2,0.0
Tm3AlC,0.0
SmAs3,0.0
HfZn3,0.0
Mg2AgPt,0.0
K2BaBe,0.0
Li4Mn3Fe2(CuO2)3,0.0
LaBeW2,0.0
Er5NiPb3,0.0
Ba2YZn,0.0
LiAlO2,4.9632
BaSc4Mn,0.0
Yb2ZnGa,0.0
CeSe,0.0
BaH2O3,0.0
Lu2Sn2O7,2.8162
Be2BiRu,0.0
VO2,0.0
Na3YBr6,4.2742
CeCdAg2,0.0
KFeF3,0.0
Zr5Al4,0.0
Ti3Mn2(CoO2)3,0.0
HgNO2,1.7951
Li2BeSiO4,6.0278
ReO2,0.0
K2TeOF4,4.817
ThTe3,0.41700000000000004
YbGa4,0.0
CoF2,0.0
Sb2TeSe2,0.3997
BeTl2Se,0.0
SrCuP,0.0
LiBeO3,0.0
ErInNi4,0.0
TbH3(CO2)3,4.2483
Te8Rh3,0.0
LiCuS,2.0042
EuMoClO4,2.6166
Ga2RuPt,0.0
Be2InCo,0.0
Nd3CoB4,0.0
Be2WBr,0.0
SmDyRh2,0.0
LuIr,0.0
NaSc2Be,0.0
BeMo4W,0.0
Tl4CrI6,0.0
NdRu3,0.0
AgBiSCl2,1.0935
NpSb,0.0
SO3,5.3538
TaCoSn2,0.0
Cd(GaS2)2,2.113
CeCo2,0.0
SmSnPd2,0.0
Be2IrRu,0.0
Ba2TiTe,0.0
Ba4TlTe,0.0
TaVO4,0.0
ThFe2SiC,0.0
SmSiRu,0.0
YI3,2.676
KBaMn,0.0
Be2CdNi,0.0
Er2Ru2O7,0.0
Al5CuSe8,0.7348
LiHfPd2,0.0
BeInCl,0.0
Ni3SnN,0.0
CrReO4,0.0
BaMnBr2,0.0
V2HO4,0.0
Dy(SiNi)2,0.0
BaFeOs,0.0
Ba2PdF6,1.7458
LiNbO2,1.5802
Ti2InFe,0.0
AlTeI7,1.7737
PrTlO3,0.0
BeNbCo4,0.0
Li2BeBi,0.0
SrScBe,0.0
Li2CrS3,0.0
BaNaLi2,0.0
Ba2Hg,0.0
Ca2SbAu,0.4263
MgSiIr2,0.0
BiTe,0.0
LuThRu2,0.0
Ba2MgCd,0.0
YPt3,0.0
BaNaCl,0.6352
Li8PtO6,2.2448
Ba5As3,0.0
Nd(BRh)4,0.0
Be2MoRu,0.0
Be2Mo,0.0
MgVBiO5,2.9858
ZrBRh3,0.0
K2SnTe3,0.8299
Ba2YNi3O7,0.0
Li2CeAs2,0.7062
Al2Sn2O7,1.3204
RuC4(O2F3)2,0.2618
RbTiS2,0.0
ZnNiPd2,0.0
MnAlRh2,0.0
RbAc3,0.0
MnBeCu2,0.0
LiNd2Ir,0.0
BaNdFe2O5,0.0
PuFe2,0.0
Rb2O2,2.177
Mg(NiO2)4,0.0
Ba4CaOs,0.0
Mn4CuO8,0.0
BeFeMo2,0.0
TmGaRh2,0.0
KBaP,1.2182
HfMoAs,0.0
Tb2AgIr,0.0
Zn3Si3(BiO)2,1.956
Sm(SiPt)2,0.0
CeMnNi4,0.0
Li2Co3NiO8,0.0
SrGeO3,3.0204
Cr3Sb(P2O3)2,0.9441
CuBrO2,0.3831
Si3N4,3.5585
KPF6,7.5551
ZnCoO2,0.0
ZrCd2H2(O3F4)2,4.5429
InHg,0.0
Zr2InNi2,0.0
Sr2PrO4,0.0
Lu2CdAg,0.0
AgCNO,3.1803
BePb2Cl,0.0
K4CO4,1.951
Mn(CoO3)2,0.0
NaBeSb,1.1949
Ba4ScMo,0.0
IClOF,1.8459
YNi4Au,0.0
Y2CuAu,0.0
BeInPd,0.0
Ca6Al2NF,0.0
B2(CN2)3,1.4282
U(CuSi)2,0.0
K3MnH5,1.5149
Ni5Sb2,0.0
MgTe(PbO3)2,2.4069
Ba3Ta2CdO9,3.5846
Tl2Au4S3,1.1396
BeCrO4,1.9725
Mn3AgN,0.0
Ba2MgSb,0.0
USO,0.0
SmLuRu2,0.0
ErAu2,0.0
Be2CoPd,0.0
SrLuCuSe3,1.2408
Sc2TiTl,0.0
Be2VCd,0.0
Sn2Rh,0.0
Cr4Cu3O2,0.0
K3Ag3As2,1.186
MgTi,0.0
Nb4CoP,0.0
Nd(GePt)2,0.0
RbMoO3,0.0
PrPd2,0.0
Ba(AlGe)2,0.0
Ba4VW,0.0
YGa2Ni,0.0
SmAs,0.0
CdSnSb2,0.0
CrTe,0.0
Fe3OF5,0.0
LiTl,0.0
Ba3(AlGe)2,0.0
TiFeO3,0.0
NaPrSe2,1.7801
TiBeP4,0.0
Zn3Sn,0.0
Al3Tl,0.0
Li5BiS4,1.5766
CdPd,0.0
Ba2Fe2S2OF2,0.0
RbPS3,1.7006
LiFe(CO3)2,0.6895
Pd3Au,0.0
B2Mo,0.0
Zr6Co23,0.0
K2O,0.3513
Be2InNi,0.0
LiCrO2,0.992
Sn(BiTe2)2,0.4646
Li2Ti(CoO3)2,1.0752
SbO2F,1.4580000000000002
Li4Mn3Sb(P2O3)2,0.0
Ho2Al3Co4,0.0
BaSi2Br,0.0
SmTlTe2,0.6486
Li8IrO6,0.0
Ba2SrWO6,0.593
Ca5Ge3H,0.0
GaP,1.2631
HgPt,0.0
Li4CuNi3(P2O3)2,0.0357
Sr4P2O,1.2212
LaFeAs,0.0
MnAlAu2,0.0
BeCoBr,0.0
LiMnNbO4,0.0
TlBTe2,0.0
SnCl4,3.0066
ZrBeCo4,0.0
BeVCu4,0.0
Li2HgPb,0.0
Be2HgGe,0.0
Zn3B,0.0
SnBi3,0.0
Ca4BeRh,0.0
Ce2C(NO)2,0.1469
Ba2Ru7O8,0.0
Be2NbSe,0.0
CaZn2(PO)2,0.0
Co2MoS4,0.0
Cd2GaAgS4,0.9947
Zn2GeSe4,1.3261
BaZrN2,1.0919
LiNiO2,0.0
Ba4MgSb,0.0
KBaSiHO4,4.2254
Ba2RuO4,0.0
Ti2VS4,0.0
BeMoCl,0.0
CeP5,0.0
BeCd4Se,0.0
ZnCr(SiO3)2,0.0
CaTcN3,0.5872
BaErAgS3,0.9813
Tl3Ge,0.0
CaN,0.0
Sr3InP3,0.8190000000000001
Li2GaAu,0.0
Rb8NO3,0.0
TiZn,0.0
Ba4OsCl,0.0
ScAsRu2,0.0
LiSc2Ir,0.0
Ti2CoRe,0.0
TiCu3,0.0
MnBe2Ni,0.0
YbBiAu,0.0
K2P3,1.0535
Ca2Mn3O8,0.8754
PrPIr,0.0
NdBiO4,0.5907
Ni2AsCl,0.0
GaCuI4,1.5166
K2NiF4,0.4155
VO2,0.0
SnH4(NF)2,3.1384
SrFe2(Se2O)2,0.0
Na2GaPCO7,4.1007
Ba2LiSn,0.0
Pd4Se,0.0
TiCl3,0.0
Ba4RuPb,0.0
K2Bi8Se3,0.9506
ZrPt3,0.0
Ba4NiPt,0.0
Mn3Fe,0.0
LiV2O2,0.0
Ba2YSbO6,3.8636
Li2NdGe,0.0
SmHgAu2,0.0
NClOF4,1.9217
KMn2Be,0.0
KAgO2,1.2329
BeNbRu2,0.0
TbZr,0.0
MgGeN2,2.8538
YMgTl,0.0
BaCo2Cl,0.0
KV(CuS2)2,1.0688
BaYSb,0.0
Ag3PSe4,0.3767
CeGa2,0.0
K2ReBr6,0.7128
Sm2PdRh,0.0
CoReB,0.0
TaAsIr2,0.0
Ca(CrS2)2,1.2131
Ba4PBr,0.0
RbNaSi2O5,4.7965
Rb3NaBe2F8,7.1831
YPt3C,0.0
BeGaO3,0.0
Dy3MnB7,0.0
V3Au,0.0
LiCuPO4,0.0
ThGa3,0.0
VF5,3.1062
Al3Pt5,0.0
TmMoClO4,2.4965
BeGa2Se,0.0
MgCdAg2,0.0
ZrAs,0.0
HoSi,0.0
BC2N,2.458
Nd3Te4,0.0
Nd3Zr,0.0
MoRh3,0.0
PaPt3,0.0
CaH2(BrO3)2,4.1851
MgAg3,0.0
Sc2TlOs,0.0
Ta2BeRu,0.0
Ca2SiO4,4.5154
TlSb,0.0
ErGe3,0.0
TaCo2,0.0
SrSm2O4,3.7646
CaTiBe2,0.0
Al2IrRu,0.0
KBiO2,2.0022
AuSe,0.0103
LiMgPO4,5.8897
VPt,0.0
Lu2Mo2C3,0.0
Ba2Ti3Tl2,0.8049
MnBe2Co,0.0
Na2SnO2,2.4653
Yb3Ti,0.0
Na3UO4,0.0775
BaAlSiH,0.8065
ZnWF6,0.0
CdSnPd2,0.0
MoAs,0.0
Ca2MgAl,0.0
InF3,4.1826
Tc3P,0.0
Ag2O,0.0
TaTi2N3,0.0
Ge4PbO9,3.5588
BaRuO3,0.0
Ba4TaBr,0.0
HfGaAu,0.0
PdCl2,0.6523
Rb2Pt3S4,1.4204
Cr2CuSe4,0.0
Lu(FeO2)2,0.0
LaCuSO,1.8888
K3Zn2F7,4.4812
K2Pt,1.3968
Tm2Mg,0.0
NbCu3Te4,1.1204
BeAlRh2,0.0
MnCrRe,0.0
Li2ZnGeO4,3.2565
TiBeSn4,0.0
InBO3,3.0226
HgF2,0.8617
HfTe5,0.0
BeBiMo2,0.0
Be2TePt,0.0
Na2CuO2,0.0
InSiPt5,0.0
BaScSb,0.0
Ti(SiO3)2,3.3152
Ca2CuIrO6,0.0
Hf2FeOs,0.0
Li2Cr3O6,0.0911
BaCdPb,0.0
BaLiCa,0.0
Ag6Mo2ClO7F3,1.6554
BaCa(BiO2)4,1.0401
Ga2Se3,0.0
HoO3,0.1419
BaSrZn2,0.0
Dy5Ni2Sb,0.0
NaAlF4,6.0596
In3As,0.0
BP,1.3771
HfBe,0.0
Li(CoGe)6,0.0
LiVO2,0.0
CrBr3,1.2993
Sr2MnZn2(AsO)2,0.0
MnAlGe,0.0
Ba2YNi3O8,0.0
LiHO,4.3509
CeZnSbO,0.0
ErSF,1.421
Li2HoIn,0.0
Sr(PIr)2,0.3796
NaBe2Ga,0.0
YbFeB4,0.0
MnSbSe2I,0.5178
DyNi5,0.0
LaH3(CO2)3,4.4084
SnAs,0.0
SrZrBe2,0.0
Mg(AlC)2,2.0032
Ag2SnHgSe4,0.0
ZnH2SO5,4.7309
YbBrO,0.0
Ba4ZnCo,0.0
Ba4ReRu,0.0
Y2PtAu,0.0
ZrO2,3.4519
Sr4PtO6,2.2176
Yb3InC,0.0
PaBr4,0.0
Li3Ni(OF)2,0.1872
YbGePt,0.0
SrTa2Mn,0.0
MgBe2Co,0.0
Ba4YSn,0.0
SbF5,0.5681
ThGeS,0.0
Ca2MgPb,0.0
AlCu3,0.0
Ba4BeBi,0.0
Li2FeCo3O8,0.0
BaSn3Pt,0.0
Sr3Ti2O7,1.8854
HfNi3,0.0
Dy2SeO2,2.2218
ZrScOs2,0.0
Ba4SrNi,0.0
KYGeS4,2.3216
Al2HgO4,1.5071
Zr2ZnCd,0.0
Ag2BBr,0.0
Na2Ti3O7,3.0048
Pr3AlN,0.0
MgSiAs,0.0
BaZrBr,0.0
LiBeCu4,0.0
BaSeO3,3.9801
TiTe2,0.0
ZnRh3,0.0
UAlIr,0.0
SrLi2Pb,0.0
InCuSe2,0.0
TaCr2,0.0
BeV2Pt,0.0
ThSiTe,0.0
SiAs2,0.8716
BaSbPt,0.0
Ba4LiBe,0.0
NaBe2Os,0.0
TlAgCl3,0.0
LiSb(PO4)2,1.8685
BeZnRe,0.0
Zr5Al3,0.0
LuNbO4,3.2443
AsIr2Pt,0.0
Li4Cr3Co3(NiO3)2,0.0
TbCoSi,0.0
Ba3Fe3Se7,0.0
Yb2SO2,0.0
HfAl3,0.0
Pm3Si,0.0
Na5MoNO4,2.5607
Mn3InC,0.0
PrAl7Au3,0.0
K2BaTi,0.0
NdTl,0.0
LiCrCoO4,0.0
ErAgHg2,0.0
Sc2In,0.0
LiBeSn2,0.0
BaTlPb,0.0
PaAl3,0.0
AlCrFe2,0.0
BaYMnCuO5,0.0
TePd,0.0
Ho4Sb3,0.0
Ba2DyBiO6,1.8214
Y2C(NO)2,3.9504
BeGaW2,0.0
LaB2Ir2C,0.0
BeIr2Se,0.0
Hg2Sb2O7,0.0
AgTe3I,0.8794
ScTlCd,0.0
Ga(HO)3,4.1302
LiVIr2,0.0
K2OsBr6,0.0
CaAu,0.0
BaNd2CoS5,0.0
BeNi2W,0.0
CaCd2,0.0
Ga3PO7,3.426
Nd(BC)2,0.0
NdAlO3,2.9806
NaMnP,0.0
SnICl,2.4621
Li4MnNi3(P2O3)2,0.2543
TbCuSe2,0.9063
BaCaY,0.0
Mg2Nb2SnO8,2.2955
LaCoSi,0.0
BeTcGe,0.0
Ho2Ga8Co,0.0
Pr3I,0.0
AgSbS2,1.2459
ZrTlCuS3,0.7173
NaNiF3,0.7714
LiGa2Ir,0.0
NdVO3,0.0
Li2CuAu,2.1449
TcPt3,0.0
Rb3Ga,0.0
TiBeOs,0.0
MgMn2O5,0.0
SmZnAu2,0.0
MgZnNi2,0.0
TlIn5S7,0.6275
Ca(CoO2)4,0.1681
HfBe2Ru,0.0
Bi2Ir2O7,0.0
Na5LiN2,0.0
DyYRh2,0.0
LuSi,0.0
KAlF4,7.4812
BiRh,0.0
LiMnCuO4,0.0
Lu2Fe7C3,0.0
Nd(BIr)4,0.0
Fe5Co,0.0
Ba2TbReO6,0.0
K3Na(FeO4)2,0.8053
PaB3,0.0
SnS2,1.5367
BeFeOs2,0.0
K2Ni3S4,0.7504
AsRuW2,0.0
Ba4SrIr,0.0
Li2CrPO4F,1.0589
ZrOs,0.0
NiHgO2,0.0
K2Rh2O5,0.0
HoErAl2,0.0
Nd2AgHg,0.0
TaTe4Ir,0.0
Li4Mn3Co3(SnO3)2,0.0
Ba4CrTe,0.0
B2W,0.0
SF6,5.9466
NaBe2Cr,0.0
Te4O9,2.1793
RbCaI3,3.6029
Ba4GeOs,0.0
KHoS2,2.3563
Ba(CdP)2,0.5799
YbSe,2.283
CaMgBe2,0.0
LuSnRu2,0.0
TaCuN2,0.4176
Ho3Zr,0.0
NiAsO3,0.0
Rb3SbO3,2.41
LiCr2CoO6,0.0
Ba2SrCo,0.0
Ba2Ca(BO3)2,4.2697
BePtSe,0.0
Ba6Ru2Pt(ClO)2,0.6715
FeCo3(P2O3)2,0.0
LiTaBe2,0.0
BaZnP2O7,4.6512
TmMgIn,0.0
NdZnIn,0.0
CaTi2O4,0.0
NaBe2Pt,0.0
K2ReF6,1.4685
NaCo3,0.0
ZnSiAs2,0.8809
Nd2Ru2O7,0.0
Mo2WS6,0.8769
NaZr2CoF,0.0
CeC,0.0
LuTe3,0.0
SmAgPb,0.0
LuMgZn2,0.0
Ba4NbW,0.0
SmBr,0.0
Nd3CuSnS7,1.733
UAl3,0.0
SrZrS3,1.2427
Y(SiOs)2,0.0
Be2SnSb,0.0
LiCuBO3,0.0
LuInRh2,0.0
LaGaO3,3.5852
NaBe2Bi,0.0
AcInHg2,0.0
Li2VCoO5,0.0
SiH3F,5.9104
U(GePd)2,0.0
BaZr4Nb,0.0
Rb3SbSe4,1.2414
Na6FeO4,0.0
Y(MnGe)2,0.0
BaMgTi4O8,0.0
K3Ir(N3O)2,0.0
Na(VS2)2,0.0
FeCl,0.0
Sr2TlCd,0.0
KLiSi2O5,5.0282
Bi3SbO7,2.255
PrBi2IO4,1.3572
VPCl9,0.0191
As2Pb4S6ICl,1.801
HfBe5,0.0
TlNiF3,0.2848
ZrAu4,0.0
SrMn2Si,0.0
SrS,2.5397
Pb2SO5,3.2177
PuMn2,0.0
BeBi4Te,0.0
BeNi2Pb,0.0
LiVPHO5,0.1402
NaVAs,0.0
SrThBr6,2.7505
TbBr,0.0
NaZr2FeF,0.0
NiBr2,0.4513
Be2SbW,0.0
Rb2S,1.9785
CrSnRh2,0.0
Th3O2,0.0
TcS2,0.929
Cd2Os2O7,0.0
Pm2CuPt,0.0
Ba2YCo3O8,0.0
PuSi,0.0
TaBe2V,0.0
BeSi2Sb,0.0
NdTlPd,0.0
TbRh5,0.0
CaCl2,5.2887
ScBe2Sb,0.0
SiTc3,0.0
Tm2MgTc,0.0
VZn2SbO6,0.0
BeCuSb,0.0
CaNd3,0.0
DyVO4,2.7804
MgBe2Tc,0.0
SrSi2,0.0
N2O,3.173
Er2AgRu,0.0
HoTlRh2,0.0
NdBiAu2,0.0
LiCaRh,0.3505
AsPdSe,0.0
Hf2Cu,0.0
Pm2TlCd,0.0
Sc5Ge3,0.0
NaVF3,0.0
ZnBi,0.0
TiTeOs,0.416
CuSbAs,0.0
TbTaO4,3.7391
VZnSiO5,0.0
Ba4MgNi,0.0
ZrSiSe,0.0
PmGeAu2,0.0
Ba4MnGe,0.0
Ba4TlTc,0.0
Li7Cr2O8,0.0
LiTm2Ru,0.0
ZnSnP2,0.5859
BNF8,3.4176
BaSr3O4,2.5091
SiMo,0.0
MnCoSe,0.0
Ce2Al2Co5,0.0
Li3SbO4,3.2134
Rb2GeF6,6.0812
Li6Br3N,2.5549
Ba4CaRh,0.0
BeWCl2,0.0
YbH3Pd,0.0
PmH,0.0
BeReMo2,0.0
ScGa,0.0
SmInO3,2.8223
Er3Mn3Ga2Si,0.0
RbZnH2Se2ClO6,4.3674
MgTaZn,0.0
BeTe2Rh,0.0
K2SiP2,1.261
LiLu2Tc,0.0
AsOsPt2,0.0
NaSrHg2,0.0
NbGaFe2,0.0
Mn2CoGe,0.0
Be2GaSi,0.0
Y2Be2SiO7,5.4188
BaTiZn,0.0
EuS,0.0
Ba4LiW,0.0
TiOF2,3.2522
Sr2BePd,0.0
Rb3ErO3,2.1902
TmBi,0.0
PrMnGe,0.0
Ce2CoSi3,0.0
Er(CoSi)2,0.0
MgSiAs2,1.3662
SrLu2O4,3.7791
HfBeTl,0.0
Be2PbBr,0.0
BeIn4Ir,0.0
GePb3O5,2.0235
SmDy3,0.0
VS2N3Cl2,0.6488
Ta2CrFe,0.0
BaSO4,4.562
NdMgHg2,0.0
Ti2Zn,0.0
FeS2,0.0
Ba2AlAg3O8,0.0
BeCoP2,0.0
LiBe2Sb,0.0
Mn3(SiTe3)2,0.0
BeCo4Te,0.0
ScNbRu2,0.0
Ba2HfO4,3.4762
TeMoWSeS2,0.2524
Hf2BeBr,0.0
NdTi3FeCu3O2,0.0
LiCrIr2,0.0
BaYF5,6.5831
BeCu2Tc,0.0
Ba4ZnOs,0.0
YScAu2,0.0
BaCaTi4O8,0.0
ZrBe2Pd,0.0
Tl2TeBr6,2.0908
Cr23C6,0.0
Ba(AlGe)2,0.0
NdRhO3,0.6061
VAsPt2,0.0
BaAgBi,0.0
Ac3Sn,0.0
KBeO3,0.0
LiScHg2,0.0
ScCo3C,0.0
CaBeNi2,0.0
Li4BeW,0.0
KYTe2,1.3247
Li5V(SiO4)2,0.8549
MgBeBr2,0.0
PuS2,0.0
Li2UI6,0.0
Li2Cr(PO4)2,0.0
CeHg2,0.0
TiCo3,0.0
BeRuRh2,0.0
RhN2,0.0
ReAsPd2,0.0
FeCo5O2,0.0
Na9ZrP4ClO6,4.2844
HfCu2Te3,0.1704
Ca2Zn2CuP3,0.3524
Rb3(FeSe2)2,0.0
RbLuS2,2.3869
Sr5Bi3,0.0
BeInPt2,0.0
Zn(SnO2)4,1.5132
Ba4CoGe,0.0
CeNiC2,0.0
CaIrO3,0.0
Rb8PO3,0.0
TbTiSi,0.0
BaBi4(ClO3)2,0.0
LiHoO3,0.0
Sc2GaC,0.0
Y3Pt,0.0
Ti2MnOs,0.0
YH3(CO2)3,4.2277
Ca3AsBr3,1.5645
Ni2O3,0.0
RbVP2S7,0.0
Li2Co3SnO8,0.0
ScBeRu4,0.0
Nd2Mg,0.0
Be2GaIr,0.0
Re2AuSe,0.0
LiDyIn2,0.0
LuNiSn,0.0
Ca2SnN2,0.8344
Te3SeO8,2.7929
HfMgO3,1.1177
Yb2BiAu,0.0
K5Dy3I2,0.0
Rb2CrF6,1.7868
MgCu4Sn,0.0
Ca2CoSi2O7,0.94
ScBePb2,0.0
BiSbO5,0.0
BeCuOs,0.0
BiClF8,1.9609
TiBeIr2,0.0
UAl4Co,0.0
HoInNi,0.0
Al2PdRu,0.0
Tl3Fe,0.0
PrAl2,0.0
InB2As,0.0
RbLiBr2,4.5272
InC3,0.0
Mn2CrO6,0.0
FeCu2SnSe4,0.0
AlSCl3O2,3.816
Tb2Pt,0.0
NaTaBe2,0.0
CrSi2As,0.0
CoSO4,0.45399999999999996
HoScO3,4.4805
NdSnAu,0.0
K2SbF5,4.9609
Na3MnSiBO7,1.5239
Sr(CuGe)2,0.0
MgBiF6,0.0
Sc2SO2,2.0849
Th2Pd,0.0
Li2AcPb,0.0
Zr2CoIr,0.0
HfGeTe,0.0
In5AgSe8,0.0
BeAsBr,0.0
LuHfRu2,0.0
Ba6(NiO)5,0.2303
Mn3Cr2(SbO2)3,0.0
Ta2Sn2O7,1.5528
K2La2Ti3,2.0353
Ga7Ni3,0.0
NaCNO,4.5749
Co5SbO2,0.0
SrNi5As3,0.0
SmMg2Ag,0.0
TmTaRu2,0.0
Er(SiAu)2,0.0
Sc2AlRu,0.0
Mn2Nb,0.0
Nb2SiTe4,0.0
ZrBe2Se,0.0
Be2GaTc,0.0
CoSiH2(OF)6,1.7549
InPH2O5,3.6668
CeCo2B2C,0.0
Be2PCl,0.0
RbTe6,0.0
Zr6CoAs2,0.0
BaCaCr4,0.0
BeSb2Pb,0.0
Dy(CuSi)2,0.0
Al4B6O5,5.9881
BaYCuSnO5,0.0
MnSiIr,0.0
Ba4SiMo,0.0
KHCO3,5.394
VGaNi2,0.0
VNCl4,1.1532
Ba4MgOs,0.0
KBaFe,0.0
Ti2CoSe4,0.0
LaZnGa,0.0
Nb2CuRe,0.0
MgNiH3,0.0
Fe3(O2F)2,0.0
Nd(Al2Cu)4,0.0
Ho3Co,0.0
HgCN2,1.9942
LuTaOs2,0.0
YbNdRh2,0.0
LiMg,0.0
ThRu3C,0.0
La(BC)2,0.0
SrLiP,0.8989
Ba2LiHg,0.0
Sc3(NiGe)4,0.0
GaSi(MoS2)4,0.0
Be2SiPt,0.0
BeSiRh,0.0
NaSc2Be,0.0
LuPS4,2.0429
CoAsSe,0.3549
PmNi2Sn,0.0
LiEu2Si3,0.0
Be2TlCd,0.0
Tl(TeMo)3,0.0879
TaAsW,0.0
Zr3PO2,0.0
BaCl2,5.5938
Li5CuSO2,2.4891
K2RbSb,1.0325
Ho2CuO4,0.0
BeMo2Br,0.0
CaV4O8,0.0
Li5TiV3O8,0.0
Ba2Ti2TlO7,0.0
MgTlF3,4.8018
InCuO2,0.4637
Zr3Hg,0.0
NpAsS,0.0
NaYSi,0.2116
BaMg(FeO2)4,0.0
HfMo2,0.0
YCl3,4.5649
MnTlCl3,0.9852
HfPRu,0.0
TbAgSn,0.0
Na3Ca3AlAs4,0.9555
NdMgCd2,0.0
Ho(NiP)2,0.0
BeNbTl2,0.0
Be2NiBr,0.0
U3C,0.0
TiNbRu2,0.0
Li3Cu,0.0
Ce2SbO2,0.0
Be2VZn,0.0
GaS,1.4998
Tl2Pt2O7,0.7467
Ba4FeSb,0.0
YMn2,0.0
Li2Ti3O7,2.496
SrCeI4,0.0
CeTh3O8,2.0563
LiYb2Tl,0.0
ZrCl4,3.495
YNiO3,0.0
Sm2CdIr,0.0
K2BaP,0.0
CdNiP,0.0
Ti2AlN,0.0
ScCuS2,0.9259
LaAgO2,3.114
HfAs,0.0
LuMg,0.0
ZrBeMo,0.0
TlCdBr3,2.6614
ZrTiSe4,0.0
Ba4TaTi,0.0
PrAlSi2,0.0
Be2GeOs,0.0
GaAuO2,0.0
ZrSiTe,0.0
Ba2YNbO6,2.9201
Li2Fe3TeO8,0.0
Na3AlH6,3.0875
Pu3Al,0.0
Tb2Mg,0.0
BeTcBi4,0.0
Li2NiOF2,0.0
Pm2IrPt,0.0
Pr(CoGe)2,0.0
YbIn3,0.0
NaBeMo,0.0
Ho6GaCo2,0.0
CaCrO2,0.0
Tl4O3,1.0904
MnAsRh,0.0
Na2CrF4,1.212
BaPrO3,0.0
Nb2NiO6,0.4969
AlPd5I2,0.0
Tm(SiOs)2,0.0
Ba2GeP,0.0
Ca4BeTe,0.0
NdZn,0.0
TbPPt,0.0
ZrBeCd,0.0
Ba4MgW,0.0
Ce3AlC,0.0
Li2CdHg,0.0
Be2NiHg,0.0
K3As,0.0
PtO3,0.0
Ba(CoO2)4,0.0
NaSbSe2,0.4762
Ba4FeSi,0.0
Be2ZnSi,0.0
Be2TlIr,0.0
Ba2TmNbO6,2.9135
TmGa2Pd,0.0
Sr2CoO3,0.0
CoAs,0.0
AsOs2Pd,0.0
Ti2H4Pd,0.0
Cs2TeI6,1.224
Na5Zr2F3,6.2745
TlIO4,1.68
Zn3Ni7,0.0652
In2Si(AgSe3)2,0.3646
Ba4PdSe,0.0
BeSiCl,0.0
BeTePd,0.0
Ba4SbCl,0.0
AsPdAu,0.0
ThNi5,0.0
Sb2Rh,0.0
V2FeTe4,0.0
Cd3AsI3,0.8536
Ag2H3IO6,0.7089
Nd2Re2Si2C,0.0
Be(FeSi)2,0.0
BeGaOs2,0.0
TaBe2V,0.0
Ce2SO2,0.0
Si3Pt,0.0
TlAsPd5,0.0
CeSbPd,0.0
Li5MnNi4,0.0
ScBe2In,0.0
Ho2In,0.0
FeBiSbS4,0.14800000000000002
AgH,0.7953
Fe2O3,0.0
MgBe2Sb,0.0
Ba4HfPt,0.0
Ti(MnP)2,0.0
Ba2SrP,0.0
RbCr3S5,0.4159
Bi2OsAu,0.0
K3BiTe3,1.432
Ca4MgB4H6(CO4)2,4.6843
Ba4VPd,0.0
USeO5,2.0192
Ba4Ru3,0.0
YbTaO4,0.0
SrInPt,0.0
BeVP,0.0
CaLaBe2,0.0
Li2V2SiGe,1.548
Ce(SnIr)2,0.0
As(S8I)3,1.9135
Yb2CdHg,0.0
FeF3,0.0
YSnPt,0.0
RbSbO3,0.0
P3Se4I,1.2191
Na3VS3O,1.8736
ZnPd,0.0
Ca(HoSe2)2,1.1421
YbCu2,0.0
CaSm2O4,3.917
HfScAu2,0.0
BeVOs2,0.0
NaCaTl2,0.0
RbF,6.7214
Ba2AlFe3O8,0.0
Pm3Zn,0.0
Sc2GaIr,0.0
MnBeTl,0.0
Li3Fe3CuO8,0.0
Be2InGa,0.0
SmDyIr2,0.0
Mg3B(HO2)3,3.634
Sm3NbO7,2.6584
PaTe3,0.0
Rb3AlO3,3.054
Ba4SbP,0.0
US2,0.0
Na3CrF6,2.2658
Rb2Yb2O5,0.0
KCSN,4.6546
KCuCO3F,0.0
TiGa,0.0
BaNiRu2,0.0
TlHg3,0.0
BiBr3,2.309
HoLuCd2,0.0
LiLu2Pd,0.0
Ba4TlFe,0.0
NaTlO,0.5804
Ti2NiS4,0.0
TbPmRh2,0.0
Ba3Nb2CoO9,0.0
Li2Mn2FeO6,0.2177
YCo3Se2ClO8,0.0
LaS,0.0
Cd2PtRh,0.0
Mg(InSe2)2,0.7893
Ni3H,0.0
Ba2Bi6O,1.218
LiCa2Ag,0.0
TiSi2,0.0
Ni5(P2O3)2,0.0
Ce(AsRu2)2,0.0
LiCu5F2,0.0
TaSbO4,2.2853
Sm6InCo2,0.0
VN,0.0
TaO2,0.0
CaBeCd,0.0
In4Bi2S9,1.62
YbMg,0.0
NaNiPO4,0.5165
CrN2,0.0
Er6Te2Ru,0.0
MnSO4,1.3615
PrTmTl2,0.0
Li4TiCo3O8,0.0
PrSnAu,0.0
MnAsIr2,0.0
CrF3,1.0743
K3YF6,6.8561
BaZnCl4,4.6834
Na5Zr2F3,5.7642
GaP,1.4822
ErB2Rh2C,0.0
Bi2Rh,0.0
Ho2OsAu,0.0
Mn2Sb,0.0
NdCuSi,0.0
LiNdSn,0.0
LuB4Os,0.0
NaC,3.7248
LiV2(PO4)2,0.0
YThRu2,0.0
Hf2BeCu,0.0
YBPt3,0.0
Zr2BeSe,0.0
Ba2TlCd,0.0
TiMn3(P2O3)2,0.0
MgBeCr,0.0
LiCdAu2,0.0
NaMnAsO4,0.7213
CeB2C,0.0
Th(GePt)2,0.0
Ba4VSn,0.0
InSb2S4Cl,1.5791
BeMo2Ru,0.0
Ba4TiW,0.0
YGe,0.0
Li5GeP3,0.7491
Ba(GeRh)2,0.0
K2PbO2,2.0555
NaAsO2,3.3943
CuAsSe2,0.5763
NaNb6O5F,1.5971
GeTe7As4,0.3554
AgRuO3,0.0
ScSnO3,0.0
Sr(RuO3)2,0.0
Tm2ZnOs,0.0
Bi2B2O7,0.3296
Bi3Se4Br,1.0556
Sb2Te,0.0432
Th7Te2,0.0
LiDy2Tc,0.0
RuC3Br2O3,2.1965
As2Rh,0.2289
Ag3AsO4,0.0
LiGaPt2,0.0
Ti4ZnS8,0.0
Er2Te5O3,3.0385
MnBeTc,0.0
Pr(CoP)2,0.0
LaMnSbO,0.0
Li3V2F9,0.0
BePOs,0.0
IClO3,0.0
Ba4LiSn,0.0
Be2FeCo,0.0
Mn2O3,0.0
Tl3BSe3,1.0391
NbGaPt,0.0
Ho3Pb,0.0
V(CO3)2,0.0
YPd3,0.0
LiFeO2,0.0
ZnNi3,0.0
RbNaS,2.5436
SmI,0.0
BeSiHg,0.0
PuIr2,0.0
ZrZn,0.0931
HfMnO3,1.9523
BeIn2Cu,0.0
YCoC2,0.0
TaOF3,3.1379
Na2CS3,1.2804
NaTmGeO4,3.7443
BaCaSb,0.0
HfBePd2,0.0
FeCl2,0.0
Sr2BeP,0.0
AsRuBr,0.0
LiFe3O4,0.0
MgBeIr2,0.0
TiIr,0.0
Ge5(Te4As)2,0.2869
CaGaAu,0.0
VS,0.0
Tl5Se2Br,0.3834
PmAl3,0.0
ScCuHg2,0.0
YCoF5,0.22
NaPmTl2,0.0
NaAlO2,5.3087
CdB2As,0.0
BaRu2Cl,0.0
Ba(Si3N4)2,3.4256
PaGa3,0.0
ZrNbO4,0.0
V3Pb,0.0
Tb2Si3,0.0
VTc,0.0
Co2SbO6,0.0
Li5Fe2Cu3,0.0
KTl2In,0.0
SrBeBi2,0.0
Ba4HgPb,0.0
NaPN2,4.8658
Ce2Cu(NO)2,0.0
KBe2Cr,0.0
Mg3WO6,3.0815
BeGeTe,0.0
PaP3,0.0
ErMoClO4,2.5261
CaInHg2,0.0
CeSbAu,0.0
CuH4(ClO)2,0.5538
V2Zn3(SiO)4,0.3098
BaTb2Mn2O7,0.0
HoNiO3,0.0
K2PdO2,1.4642
BeAu3,0.0
SrAsO3,0.0
Y3Al7Cu2,0.0
CaPmCd2,0.0
KSO4,3.6236
RbAl,0.0
Zn3Rh,0.0
Ba3In2Cl2O5,1.5545
Be2ZnIr,0.0
Rb4SnO3,2.0112
Pr(CoB3)2,0.0
MnBe2P,0.0
LiBe2Mo,0.0
CdRh2Pb,0.0
BaMgH4,2.5094
Ca2BeBi,0.0
Li4Co2OF7,0.1557
Ca2BeIn,0.0
Ba2CaUO6,2.3116
Tb(GeRh)2,0.0
Hf3Pb,0.0
SmMgAu2,0.0
MoPb,0.0
CuCl,0.5795
GaAsAu,0.0
Zn2Bi2O5,1.5407
Cr5B3,0.0
NaSO4,3.6395
Li2Mn2F7,0.1093
TbAl2,0.0
ScTiCo2,0.0
Li4Mn5NbO2,0.0
BaYCu2O5,0.0
NdAgAs2,0.0
PrSbPd,0.0
LaSb,0.0
Rb2SeCl6,2.3954
TaPbSe2,0.0
NaCa2Be,0.0
Li2CeN2,1.3289
Li2AgPd,0.0
Li8NbS6,0.0
BeFeOs,0.0
FeNi(PO4)2,0.0
Ho2Bi2O7,0.0
NaLaO2,4.4519
HoTiGe,0.0
Pd(Se4Cl)2,1.1971
Ba2YbSbO6,0.0
BeZnGa,0.0
NiCl,0.0
V2AsC,0.0
ZnMo2As,0.0
H4CN2O,4.7705
Sc2ZnOs,0.0
BeTlSe4,0.0
CeYIn2,0.0
KBa4Mo,0.0
CuTcBi,0.0
Sc2OsPt,0.0
VGeRu2,0.0
Na2BePt,0.0
BeFeBi,0.0
La(CoP)2,0.0
Na2LiNF6,2.6171
Li2Mn3VO8,0.0
Y2Bi2O7,0.0
Li2MnPO4F,1.8201
Li2Si2NiO6,0.2186
TbAs,0.0
Tb2Si5Ru3,0.0
NaBeHg,0.0
Sc2Si2Ru,0.0
Tb7O2,0.0
LiZnP,0.0
Te3As2,0.3284
SrCrO4,2.6591
MnBe2Br,0.0
Ce(AsOs2)2,0.0
K(CoO2)2,0.0
PrAlO3,2.9977
RbZnH2Se2BrO6,4.1299
NaMnAs,0.0
Sr2BeOs,0.0
MnPH2O5,0.6622
GeCl4,3.7436
BaSr2Li,0.0
Be2TlFe,0.0
SbTeClO3,3.2956
Ba4MoPd,0.0
LiSiBO4,6.7888
BeTc2Ni,0.0
Be2GePb,0.0
YMgBe2,0.0
Rb(In3Au2)2,0.0
InNi,0.0
Na2FeO2,0.0885
SmTmRh2,0.0
Li5TiAs3,0.6089
Ba4BiPd,0.0
Al(MoS2)4,1.2702
Ca2AlCrO5,0.482
NbGeRu2,0.0
K2PO4,3.2988
YbSbPd,0.0
Mn2MoP2,0.0
TlClO3,4.6064
TeRuSe,0.0
NiRuBr2,0.0
MgZnAg2,0.0
ZrInRh2,0.0
KBeSi,0.0
TaBiO4,2.9768
PrCuSi,0.0
PmHoMg2,0.0
MgMnBe2,0.0
TbNi2,0.0
TlCdSe2,0.0
Re3Pd,0.0
MnBeCo,0.0
Ba2BiW,0.0
Tb2SeO2,2.2587
YBRh3,0.0
BeBi2Ru,0.0
CuCN,2.6328
CaYZn2,0.0
BaSrSc,0.0
Te4MoW3Se4,0.3261
BeFePd2,0.0
Rh3Br,0.0
Pm2PdRh,0.0
Al2CrTc,0.0
Nb4AlC3,0.0
Fe3O4,0.0
Li3V(OF)2,0.0573
TaBeO3,0.0
Lu2AlSi2,0.0
Ti3Cu,0.0
CaBeSb,0.0
H2C5N2O,5.0964
Na2PrO3,0.0
BeGa2W,0.0
SiC,2.6183
Mn4O3F5,0.0
CaBO3,0.0
NaTl2Hg,0.0
VN2(Cl3O)2,0.0521
AgBi(PS3)2,1.1085
NdPS4,2.3601
Sr3LiTa4(OF)2,0.0
BiIO,1.5764
BeNb4Zn,0.0
Nb5Ga4,0.0
Be2OsSe,0.0
Na5CoSO2,0.7271
BeH2,5.7844
PrPS4,2.385
YCuSb2,0.0
InReGe,0.0
BeGaPb,0.0
Ba4ZnW,0.0
CaBeHg,0.0
Hf4BeIn,0.0
Be2HgRu,0.0
PrMg2Ag,0.0
HoCuSn,0.0
ReAgO4,1.963
BaCo2(PO4)2,0.0
TiV4CuO2,0.0
LiTm2Al,0.0
Li3SbS4,2.2971
CuH3NCl,2.3668
MgV2O6,0.0
H2SO4,6.1622
Bi2SeO5,2.9112
NdHg2,0.0
ZnPPt5,0.0
Be2CuRe,0.0
HfBe2Zn,0.0
BaZn2,0.0
NdB2Rh3,0.0
Nb3Au,0.0
LiBi(BO3)2,1.0482
Sr3Hf2O7,4.3462
BeGaSb2,0.0
Ho(NiGe)2,0.0
TlIn5S6,0.9626
BaZn2Re,0.0
P2Pb3O8,3.4298
YbAg,0.0
Sr2MnClO3,0.0
RbGeCl3,3.7025
PrTl3,0.0
AcF3,7.7459
Ce3Th2O9,0.1806
NpRh3,0.0
CeOF,0.0
MgPbO3,0.0
LiTiSiO4,0.0
KAgF3,0.0
Y2AgRu,0.0
PdSe,0.0
Sc2AlGa,0.0
Mg2PdAu,0.0
Li4SbTe3O2,0.0
Si(CN2)2,4.2731
Sr4CaMn2(SO3)2,0.0
As8S9,1.5038
InI,1.6159
LaBPt3,0.0
PaMn2Al,0.0
ScBe2W,0.0
Rb2SnSe3,1.6033
Zr2CuOs,0.0
NaAlBP2H3,6.2352
InI3,1.8785
NaLi2N,2.7973
Sm3AlC,0.0
Nd(NiGe)2,0.0
HfPt,0.0
PaTiTc2,0.0
Li3Mn3O8,0.0
Lu2MgHg,0.0
BaGeF6,5.6922
YNiB4,0.0
BaLiZn,0.0
TlSbTe2,0.1713
Na4BeW,0.0
NaYb3,0.0
Lu2TeO6,2.5959
SbAsO3,3.3975
Ba4MgMn,0.0
Li3VF8,1.1009
Mg(TiN)2,0.0
RbOsO3,0.0
TiVRe2,0.0
SrMgTl2,0.0
PrNdHg2,0.0
ZnAsPt5,0.0
Ba3BiAs,0.0
KBe2Te,0.0
NaBeSi2,0.0
La(SiIr)2,0.0
Pr(AgGe)2,0.0
Yb(MnSi)2,0.0
AlB3N4,3.8886
Pr2AlCo2,0.0
Ti5Te4,0.0
CuSO4,0.0
Ca(CuP)2,0.0
Si3Mo5,0.0
Ba4MgTc,0.0
Ho3In,0.0
Lu2MgOs,0.0
CeBe3,0.0
MnBePd,0.0
Dy2CuRu,0.0
YbCu5,0.0
Ba4ScPt,0.0
Zn(FeO2)2,0.0
NbBr3O,1.8681
Pr2SnHg,0.0
Ba4HfMn,0.0
LiAl2FeO6,0.3197
BiF4,1.2846
Ti2Al2O7,0.5676
MgPd5,0.0
BeV2Ge,0.0
Sc3SnC,0.0
BaNaMg,0.0
BaMgHg2,0.0
TbCdPd2,0.0
ThIN,2.8238
RbCeS2,0.0
NaHfBe2,0.0
MgInCu4,0.0
LaC2,0.0
ReW2Br,0.0
BaRuPt2,0.0
YbInPd2,0.0
Pu3Au,0.0
Ba4CrSe,0.0
K4Au6S5,1.5129
Tb2Ti2O7,2.7535
Sr(SnAs)2,0.1007
BaAgO2,0.0
YZn5,0.0
FeCo2Ge,0.0
Lu2AgPt,0.0
YbSnRh,0.0
YSnRh2,0.0
YbNdCd2,0.0
Li2MnFe(PO4)2,0.715
Be2GaFe,0.0
Ba4YRe,0.0
SmCrO3,0.0
Nb2P5,0.0
RbYO3,0.0
BaO2,2.3272
Ti(NbSe2)2,0.0
Li8TiS6,1.0175
Ba4TiPd,0.0
Lu6TeO2,2.8069
Pm3Zr,0.0
Sr4MgFe2(SO3)2,0.0
Th3Ni,0.0
MgRhO3,0.0
HoZrOs2,0.0
TiCoSi,0.0
ScBeSn2,0.0
Mg2B2O5,5.5559
La2TlCd,0.0
Li2Mn2SbO6,0.4902
CaMoF6,0.0
YbSbAu,0.0
Ce(NiAs)2,0.0
PrAs,0.0
BeNbRu,0.0
Sr2Co(SeO3)3,0.0412
BeCoBi2,0.0
Li8SnO6,4.1146
NdScSi,0.0
CuBiO2,0.7908
YHf2Pb,0.0
NdCu3(Ru2O)2,0.0
Li3FeP2HO8,0.0307
PmDyMg2,0.0
CoSnRh2,0.0
Li3Cr3SiO8,0.3421
YbNdHg2,0.0
NaNb3,0.0
PmZn3,0.0
KH,3.5372
DySI,2.5766
Sc3InC,0.0
Mg3P2,1.1885
AcSnAu2,0.0
RbVBr3,0.0
Co3SnC,0.0
Na3LiP2O7,5.295
TaZnRh2,0.0
Co2B2O5,0.0
NaMgCd2,0.0
PaZnPt2,0.0
MnAlNi2,0.0
Sn3(PO)4,3.0062
Pm2RuRh,0.0
PtS2,0.7206
BaSiP4(HO2)2,6.0492
SrNd2O4,3.7477
Li3Cr2(NiO4)2,0.0
MgCo(SiO3)2,0.0
LiTi2O4,0.0
Sr2InPd2,0.0
BeZn2Pb,0.0
ScBe5,0.0
CeAlAg2,0.0
Er2Si2O7,4.9337
Nd2SiTeO4,2.1081
MgV4O8,0.0
LiEr2Ru,0.0
BeSnPb2,0.0
Ba4SiSe,0.0
RbCuO2,0.9307
Nb3SiTe6,0.0
Hf6NiSb2,0.0
HgPb2(ClO)2,2.4011
ZnSnF4,3.4909
LaPt2,0.0
Y3TlC,0.0
Mn2Fe3(CoO2)3,0.0
ScSe,0.0
Nd(BOs)4,0.0
RbMnSe2,0.0
ReH3,0.0
Yb4As2O,0.9797
Te2Pd3Pb2,0.0
BeGa2Tc,0.0
CrP2S7,0.0
GaNi2,0.0
Sr2Mn3(SbO)2,0.0
Ba4TiZn,0.0
Ba3GeO5,2.9368
YZnHg2,0.0
Al2CrS4,0.0
Pm2PdPt,0.0
YRh5,0.0
TaBeCu2,0.0
MgH2SO9,5.2745
MnBiAsO5,1.0579
YbPrZn2,0.0
LiCoPO4,0.5848
YGe2,0.0
KTiPSe5,0.8161
BeBiBr2,0.0
RbTbSe2,1.914
HfScIr2,0.0
In3Ru,0.364
Mn(AsO3)2,0.5224
Ba2SnO4,2.6474
TaMn2Al,0.0
AsO2,3.5836
CeRh2,0.0
LiGaSiO4,4.2116
Sm2Ti2O7,2.7667
Ba4MgSc,0.0
Sr3SbN,0.3067
BaMoCl,0.2608
NaIn2Sn,0.0
LiBeCr2,0.0
Y2SO2,3.1156
BaCr2Cd,0.0
SrCuSeF,1.4786
Mn(NbS2)4,0.0
BaScSb2,0.0
Tl2Ni3S2,0.0
Ba2AgAu,0.0
KH3O2,4.777
K3Y,0.0
NaAsH4O5,4.0001
CaB2Rh3,0.0
Yb3Y,0.0
AsP2Ir,0.0
Be2FeP,0.0
SbI3,2.0035
NiC2(SN)2,0.2308
Er(SiNi)2,0.0
Te2MoW2(SeS)2,0.0
ScAl,0.0
ScTaRu2,0.0
NaF3,0.0
NaBe2Cl,0.0
Ca3Zn2(CuP2)2,0.2027
Mn3NiO4,0.0
Fe3H4(OF4)2,0.0
Li2TlSn,0.0
DyS,0.0
KTeHOF4,5.2493
Be2NbBr,0.0
Ba4LiGe,0.0
Er2CuRu,0.0
Cu2SiS3,0.0
Y(Al2Fe)4,0.0
TiFeCoGe,0.0
RbYO2,3.7927
Li2Te,2.6046
Sc2GaAu,0.0
Ba4CdSn,0.0
CaPdAu2,0.0
Be2TcSn,0.0
Pr(GeRh)2,0.0
CdAu,0.0
LiRh3,0.0
SrTi2Be,0.0
LiY2Co,0.0
LiInTe2,1.3541
CS2NClO2,2.5798
ReBr,0.0
Be2GaSe,0.0
TlInTe2,0.5451
HoSiIr,0.0
TlBiF4,3.8824
Ca2Ru2O7,0.0
RbCaBr3,4.352
Sm(ZnP)3,0.17300000000000001
Hf2BeFe,0.0
YbC2,1.1420000000000001
Pm2NiRh,0.0
ZrMn2,0.0
MnBeRu2,0.0
Dy(SiIr)2,0.0
YbMgSi,0.0
Mo3H,0.0
TaO2F,2.1205
BeNi4Os,0.0
BeGe2Mo,0.0
YCuSe2,1.2075
Ho(CuSi)2,0.0
BeNb4Rh,0.0
B4PbO7,4.3634
KAuC2,2.0133
Li2MnOF2,0.4394
Li3Ca,0.0
Sc2ZnGa,0.0
Tm2S3,1.2002
BaCeN2,0.7149
NbGeRh,0.0
MgNiBi,0.0
TiPt8,0.0
NdSc3,0.0
CdSiAs2,0.3635
LiB6C,1.4321
YbPb3,0.0
NdP3,0.0
Li5Cr2Fe5O2,0.1265
Sm(Mg3Al)2,0.0
Li8PbO6,2.4141
Be2MoPb,0.0
MoBr3,0.5582
LiCe2HO3,0.0
Ti5TlSe8,0.0
Li4Mn5,0.0
Sc3Tc,0.0
Li2GaRh,0.0
BaInPb2,0.0
Sc3Sb,0.0
BaC2,1.4659
TmRh2Pb,0.0
Mg2Ti3O8,2.4981
ReRuCl2,0.0
Rb3Lu,0.0
Ta2BeCl,0.0
HoSiRu2C,0.0
UAl3Pd2,0.0
YAuO2,2.7637
BaZr4Cu,0.0
Rb2H4Pd,2.954
DyPd3,0.0
Be2TcBi,0.0
Th2AuF,2.3877
PdPtF6,0.7471
Ba4TiPt,0.0
Ba3P6(N4O3)2,4.6955
Te6Mo3WS2,0.0
Ba2LiHf,0.0
K2BaMn,0.0
Li3Co3OF7,0.4438
BaSrMo,0.0
Ba2TiHg,0.0
VAu4,0.0
BiO2,0.0
BeNb2Pt,0.0
PrMgZn2,0.0
ZnCrSiO5,0.0
KBaCr,0.0
CuAgF3,0.0
Ho5Pb3,0.0
NaBi2AuO5,0.9961
Ca2Bi2O5,1.5276
TcBr3,0.0
NiH6C4S4(N4Cl)2,0.5954
TaBi3O7,2.0242
BaFeHg4,0.0
YCu3(Sn2O)2,0.5755
BeOsPb,0.0
Cr3Te4,0.0
Cr2CoS4,0.0
Ti4Cu3O2,0.0
CeSe2,0.9055
BeFePb2,0.0
SrIrO3,0.0
Li2MnFeO4,0.0
TiMo3,0.0
Be7Nb2,0.0
Ca(Cu2P)2,0.0
Ho2MgIn,0.0
Be2CrBi,0.0
Na2Cu2TeO6,0.0
H8NF5,7.5111
Tb(SiOs)2,0.0
K2ZnO2,2.3419
ErSnAu,0.0531
ThP2O7,5.6211
HoTmZn2,0.0
LuNiC2,0.0
Nd2Te3,0.0
BeAlH5,3.7443
PrAl3,0.0
Ba2NbTe,0.0
FeAu3,0.0
LiCoGeO4,0.1788
LiLa2Ru,0.0
MnPt,0.0
VSbRu,0.3898
CdBiS2Cl,1.9126
Tm2C3,0.0
ZrBr,0.0
Te3MoWSe,0.2647
PmZn2Au,0.0
KEr3,7.1072
K6CoS4,0.4647
KSbF6,4.9477
K2NaCuF6,0.9194
SiPt2,0.0
MgTaRh2,0.0
PrSe2,0.0
Ta2BeCr,0.0
V2CoO4,0.0
MnBe2Tc,0.0
NdIr3,0.0
Dy(FeGe)2,0.0
Ba4CoRe,0.0
Y2IrPd,0.0
MnBeBr,0.0
Li2PdPb,0.0
PrAu2,0.0
PrTeCl,0.5035
NaOsSe2,0.0
YbGa5Co,0.0
UI4,0.2817
BeFeW,0.0
YCuSn,0.0
BeCoIr2,0.0
K3CrO4,0.0
Ca2NiIrO6,0.0
Tb3Mn3Ga2Si,0.0
Ba2ScCd,0.0
Cr3CdTe4,0.0
Sm3InC,0.0
Te(HO2)2,1.7172
PrAgHg2,0.0
Mg(CoN)2,0.0
SmCd,0.0
SrYPt2,0.0
Ni3I,0.0
Li2Fe2SiO6,0.3295
Li2PdAu,0.0
UTeP,0.0
LuCuS2,1.846
YbAgS2,0.0
LiLaO2,3.7687
Na2HgAu,0.0
ScBe2Cd,0.0
SrNd5S8,0.0
Ta2MoRu,0.0
CaBe2Ir,0.0
DyBi2IO4,1.5217
Ti3Zn2O8,2.2199
Sm2InAg,0.0
Mg2CrN2,0.0
Tm(MnGe)6,0.0
Mg2BeBr,0.0
Tm(FeGe)2,0.0
Na3Mg,0.0
Y2AlNi2,0.0
NdTe3,0.0
PmYMg2,0.0
Y(VS2)2,0.0
HoGaRh2,0.0
Dy2SO2,2.8655
Sc2BeIn,0.0
TiGaCo2,0.0
Pr(NiAs)2,0.0
CeSmI4,0.0
Sr2PtAu,0.0
Ti2AsOs,0.0
Si3F,0.0
TmAg3,0.0
V3Ni,0.0
SrBeIn2,0.0
NaSbO3,1.4541
Be3Ni,0.0
NaLiTe,2.5258
YAsRu,0.0
MgVSF5,0.0494
Si(AgO)4,0.8632
NdLuIn2,0.0
Sr2CdPb,0.0
NbCl4,0.9513
Pr(SiRh)2,0.0
Be(CoO2)2,0.6159
Ba4MgPb,0.0
BaCuSeF,1.5602
Dy2MgGe2,0.0
LiN3,3.713
AlCuPd2,0.0
HfBe2Sb,0.0
Lu2ZnIn,0.0
CaSe,3.3013
LiSnS2,0.0
BeZnFe4,0.0
Sm3SnC,0.0
AlCuCl4,2.742
Ca(MgAs)2,1.3743
MgMoAs,0.0
BaCoBr2,0.0
Te2Mo3S4,0.0889
BeZn2Cr,0.0
SrHgPb,0.0
NaLaTiO4,2.4691
UBiSb,0.0
V4ZnS8,0.0
Nb2WO8,0.2821
UCuGe,0.0
NdMnSbO,0.0
Sr(AgSn)2,0.0
Be2GaPb,0.0
Te2W3S4,0.3005
NpCdAu2,0.0
HoTmCu2,0.0
Tb4Se3N2,1.3966
Li3MnO4,0.0
NaSrAs,1.0586
Th2Co7,0.0
AlAgS2,1.6796
Tm5NiPb3,0.0
Na2BeCo,0.0
NaTiS2,0.0
MgH4(NO4)2,3.5034
Li6CuO4,0.133
TiMo2As,0.0
UTe3,0.0
RbCeSe2,0.0
Mn5O5F,0.0
LiFe2F5,0.0
Ta2BAs,0.0
U2Ga2O5,0.0
Rb2NaTiF6,5.9794
BiSCl,1.8197
Bi2SO2,0.9346
EuCd,0.0
Na2HfBe,0.0
V4S9Br4,0.6747
TiAlFe2,0.0
BePtCl2,0.0
GaFeCo2,0.0
Ce2CuGe6,0.0
Rb2HfF6,7.5284
RbV2CrO7,0.5229
CeCd2Ag,0.0
Ba4LaPd,0.0
TmSnGe,0.0
Al2Mo,0.0
BaHfMo,0.0
TbFe3,0.0
Cd2Fe(CN)6,2.5343
HgN3,2.1885
ReF6,0.0
Sc2CuRu,0.0
CaInRh2,0.0
KAuI3,0.5756
Ag2HgI4,0.9275
Sc6Al6Ru7,0.0
SmSb2Au,0.0
TbBi2ClO4,1.3849
NaBeSn2,0.0
K3GaO3,2.898
Be2CoBi,0.0
KPF6,7.5391
Ba4CuRe,0.0
BeGe4Ir,0.0
BaV2Sn,0.0
Sc2FeB2Ir5,0.0
BaZnCd,0.0
AsPt2W,0.0
ZrBe2W,0.0
Na4Br2O,2.1903
Dy2CuOs,0.0
In2Ge2O7,1.9753
Nb4CoSi,0.0
Li3Hg,0.0
SmFePO,0.0
Rb2HBrO,3.6057
MnCr2O4,0.5720000000000001
Be2NbPt,0.0
VHgO3,0.0
BPb3O4F,2.3868
CaN2,0.0
ZrMnBe,0.0
RbSc5Te8,0.3482
HoErTl2,0.0
ScAlPd2,0.0
ZnFeO2,0.0
KCBr(NO2)2,2.0171
CuPd,0.0
Ba(AsRh)2,0.0
Ba3Ca2(SiN3)2,1.7279
Be2MoCl,0.0
ErZn,0.0
CaNi2As,0.0
TiCl4,3.1587
Ho(HO)3,3.8008
ZrU3Sb5,0.0
HgSO4,1.4907
Mg9Cu,0.3081
RhBr3,1.1667
BeGaTe2,0.0
Rb2NaMnF6,0.3606
Ba3SbP,0.0
RbSnF3,3.6974
Li2Ti2S5,1.1840000000000002
Mg4P6Rh7,0.0
Zn(FeO2)2,0.0
ThSn2,0.0
MgWO3,0.0
Be2ZnCr,0.0
K3Tm,0.0
Ca(GeRu)2,0.0
ThSbRh,0.787
NaTl,0.0
MnCo5O2,0.0
Rb2B2Se7,1.7326
CuMoF6,0.0
CdCo3N,0.0
Mg3ZnO4,3.6364
Y2Al,0.0
BeRe4Si,0.0
TaTc,0.0
UCd(PbO3)2,1.754
AgClO3,2.5561
Ba3Ga2(GeO)4,2.3528
CoAs2,0.0
GaAsPd5,0.0
Na3Ca2BiO6,1.5724
Ta2PdS6,0.0
Li5AgF8,0.3204
KZrS2,0.0
Li2CrO4,2.6771
ZnS,0.0
VSi4,1.3223
Li2Si2Ni2O7,0.3541
NaLiPt,0.4227
LiHoPd2,0.0
V(CrTe2)2,0.0
Er2ZnIn,0.0
Zn(NiO2)4,0.0
RbNa3,0.0
ScAu2,0.0
Bi2PbSe4,0.4442
Li4CO4,4.1537
BaCa(SbO2)4,0.2635
IrO3,0.0
BeSbMo,0.0
NdCdPd2,0.0
Sr2Er2Al3Si5NO3,0.3006
LiFeOF,0.0
LuTiSi,0.0
PaAlTc2,0.0
SmIn3,0.0
Np(OF)2,0.0
LiNi3O3F,0.0
Ti3B4,0.0
Be2Cr,0.0
Hf2ReOs,0.0
BeReBi2,0.0
Ba4NaCuC2,1.1249
BaPrMn2O6,0.0
Yb(MnAs)2,0.0
Yb(CuSi)2,0.0
Li2Fe(P2O)2,0.6121
NaBe2Te,0.0
SrH2,1.6785
Tb2Mn2O7,1.0467
ErFeC2,0.0
Li4CoO4,0.256
Be2CrSi,0.0
NdMnSi2,0.0
BaBeF4,8.0155
NdPb3,0.0
Na2Sm2Ti3,2.0649
Zr3O,0.0
Nd2Co7,0.0
Ge3Sb,0.0
Ca3(SiIr)4,0.0
NaFeBP2H3,0.0
Nd(GeRh)2,0.0
NaAg3,0.0
PuSe,0.0
Nd2ZnGa,0.0
SmErRu2,0.0
Na5CoO4,0.0973
PrDyMg2,0.0
MgMo2O5,0.1665
Al2IrRh,0.0
FeCo2Si,0.0
BeCu2Mo,0.0
TcRh3,0.0
Be2InCl,0.0
Ba4GaRh,0.0
Ba4TcMo,0.0
KNa2Cd,0.0
EuO2,0.0
RbNaO3,0.0
LiZrSe2,0.0
MnFe,0.0
HoBiPt,0.0
InCl3,2.5954
ZrS,0.0
Be2SnBi,0.0
BaMgGa2,0.0
SrTa2O6,3.3306
Cu3OF5,0.0
PrDyTl2,0.0
NdOF,4.5051
K2Dy4Cu4Se9,0.8031
SrBe2Cu,0.0
Pr(PRu)2,0.0
MgScCd2,0.0
TiCl3,0.0
Sb2Te2Se,0.0
LuSBr,2.8532
KClO2,2.226
PdSCl,0.9183
Tb3SbO7,3.0794
InGaO3,1.5838
B2Mo2Os,0.0
PrNdMg2,0.0
SmMg2Sc,0.0
Be2AsCl,0.0
Mn3S,0.0
Np(FeSi)2,0.0
VFe,0.0
KMnAs,0.0
FeCuPt2,0.0
Rb2MgO2,2.8351
ScBeMo,0.0
LuS2,0.0
Cu3Te2(BrO3)2,0.0
LiMn(PO3)3,2.6412
TiHg,0.0
Pr2AgIr,0.0
Th3Br,0.0
YbInAu2,0.0
TmNi,0.0
Ca2PI,1.6025
YbSb2,0.0
LiVP4(HO)4,0.2036
BaMo4(PO3)2,1.9695
K2PdF4,1.965
Na4SiO4,3.4992
MnIn2O4,0.0
Sm2AgRu,0.0
TmAg2,0.0
YInRh2,0.0
LuB2Ru3,0.0
YWF5,0.0
BaTlCuO4,0.0
HoAsPd,0.0
LiErAu2,0.0
Co4(B2O)3,0.3205
PrAs3,0.0
ReRu3,0.0
Rb3Re,0.0
Hf2Ga3,0.0
YbPt,0.0
ZnCu2SnS4,0.0
Y2BeGa,0.0
Sm3S3N,1.2562
PrRh2,0.0
YCBr,0.0
Na3AuS2,2.436
Ca2VN3,0.0
KBiF4,3.3779
CrHO2,1.2319
Zn(GaSe2)2,1.4080000000000001
BeGaBr2,0.0
NiH2(ClO3)2,1.2521
Be3Cd4Si3TeO2,2.9482
Nb3Te,0.0
V2SiO4,0.0
Li3Ga2,0.0
Rb2Sn2O3,1.1802
KSiBiS4,1.9851
ZrP2O7,4.3609
SrMgGe,0.1456
LiMgSbPt,0.0
LiBH,0.0
TiZnPO5,0.1029
HPbClO,3.2239
TbSbPd,0.0
Nd2Al,0.0
InHO2,2.0765
BiAuO2,1.0965
TaN2,0.0
SiBiO3,0.0
Na4CO4,2.5575
GaFeRu2,0.0
BeSnBi2,0.0
Li2CuNiO4,0.0
Cs2PdI6,0.0
NbSe2,0.0
Ba4FeMo,0.0
Rb2H4Pt,3.2986
CaVF4,1.0674
Sr2BeTl,0.0
SiPd,0.0
BeGa2Cl,0.0
ScRu3,0.0
BaAlCuBiO5,0.0
BaSi2Pd,0.0
CdGeP2,0.4825
Mg3AlPt2,0.0
NiGePd,0.0
LiPm2Al,0.0
MnZn,0.0
NaGaH8(NF3)2,6.0931
Ti2BeMo,0.0
CoH4(BrO)2,0.1917
Ba4GaSi,0.0
InSb,0.0
NaNdO2,3.7731
YCu3(Sb2O)2,0.0
Ca3MnZnO6,1.5869
Na2S,1.921
YMoO4F,3.7458
Be2V,0.0
K4BeP,0.0
Tm2MgSe4,1.4915
Hg2AsP,0.0
MnNbP,0.0
NbAsIr2,0.0
KYbS2,0.0
Li2MnOF3,0.0
YbNiSn,0.0
MnGaCo2,0.0
LiAl(SiO3)2,5.765
ZrRu3,0.0
Ti3Al2NiC,0.0
K2BeRh,0.0
P4Se5,1.5869
TlSiPt5,0.0
Ba5Ru2Cl2O9,0.4212
Cu2SnHgSe4,0.0
Nb2Se9,0.6662
NaNbO3,1.6324
GaTc,0.0
Li2VOF4,0.5001
TiZn3,0.0
Ga2Te3,0.5885
TiNi(PO4)2,0.7516
Ca2HgAu,0.0
K3Pr,0.0
U(BiO3)2,1.6645
Zr6Al2Ni,0.0
K2HgS2,2.0638
DyAlAg2,0.0
LiGaPd2,0.0
Ce(Fe2As)2,0.3197
SnPt3C,0.0
Mg2Cu,0.0
TmGeRh,0.0
Yb4Sb6Rh7,0.0
YBe2Sb,0.0
NaRuO3,0.0
KHg,0.0
Mg3Cd,0.0
DySBr,2.7708
ZrSi,0.0
TiMnH2(OF)6,0.4531
PrAl2Ni3,0.0
BeV2Mo,0.0
Dy3Se4,0.0
Na4MnO4,0.3029
Sr3GaN3,0.7083
BeV2Cr,0.0
SrRh2,0.0
ZnCoF4,0.8479
SmMgF4,0.0
TaBeCd,0.0
BeZnCr,0.0
Ba4CoRh,0.0
Na2VBPO7,0.1311
UNi2,0.0
Te2Ru,0.0
Ba4YRh,0.0
SrPt2,0.0
ScBe2Rh,0.0
In(Mo3Se4)2,0.0
LaBeOs,0.0
NdIr2,0.0
Li3Re,0.0
Ba2P7Cl,1.3617
Ba2NbInO6,3.4130000000000003
CuSnH2(NO3)2,0.6867
ScBe2Si,0.0
SrTcN3,0.0
SmOF,5.4798
Na2Ti2O5,3.0381
EuSn,0.0
BeFeP2,0.0
PdSe2,0.0
Yb(ZnP)2,0.8145
Be2FeCl,0.0
CeMgSi2,0.0
PrZnSbO,0.0
CaBeBi2,0.0
SmYMg2,0.0
Sr2BeCo,0.0
K2BrCl6F,1.0282
MgTi2O4,0.0
Y2TlCu,0.0
NiP2,0.4920000000000001
NbCoTe2,0.0
Ga2Pt,0.0
BaSO3,4.7205
BeRu2Pb,0.0
Ba3ErRu2O9,0.0
LiHg2Pd,0.0
Li2CdPd,0.0
Pr(SiOs)2,0.0
SrMnV2(AgO4)2,0.6113
CrP2O7,0.0
LiYb2InGe2,0.0
Ac2O3,3.7651
YbPmZn2,0.0
CeBiAu2,0.0
CoTc3,0.0
Be2W,0.0
TmSbPd2,0.0
MnSnAu,0.0
BaVS3,0.0
Hf(CuP)2,0.0
U2MnN3,0.0
BaGaBi,0.4005
TeHO3,2.3001
Ga2PbO4,3.6259
Na2CO3,3.5115
Mg3(HO2)2,4.2504
LiH,3.5578
K2Be2(SiO3)3,5.0094
BaHgS2,1.1566
GeIr,0.0
CrGeTe3,0.3034
BePbCl2,0.0
DyCoC,0.0
RuRh3,0.0
DySb,0.0
Li3Tc,0.0
BaHf2Ru,0.0
Zn(PO3)2,5.064
Zr2Ni,0.0
HfNbP,0.0
Ca3BiN,0.4312
Tl(NiSe)2,0.0
PmCu3,0.0
AlTlI4,3.3272
Be2RuPb,0.0
Lu2PdPt,0.0
CuCSN,2.0715
TlPd2Se3,0.0
Be2TlW,0.0
CaGe2O5,2.6177
CeSn3,0.0
Pr2MgTl,0.0
Y3SnC,0.0
Li2BeGe,0.0
BaSe2,0.6845
BaLi2Si,0.0
UP2,0.0
Er(CoGe)2,0.0
Be2Cu,0.0
Mg2CoH5,0.2352
Co5SbO8,0.0
TiBe2Pt,0.0
Nb2Tl2O7,0.0
ZnIn3,0.0
U2SnRu2,0.0
CrFe2Si,0.0
HfScOs2,0.0
TiZnAu2,0.0
Mn4OF6,1.4292
KBaHf,0.0
YbNi2B2C,0.0
Be2PdW,0.0
PrAl5Ni2,0.0
MnP2WO8,0.0
V3Ge,0.0
Be2MoW,0.0
MnBeSn2,0.0
AlAsO4,4.095
GeRh,0.0
BaCaTl,0.0
CuAuF5,0.0
Nb2SnC,0.0
DyInAg2,0.0
IO3,1.805
Yb3W,0.0
SeCl,1.8518
MnSn(BO3)2,1.4171
YSbPd2,0.0
ScCrO4,0.0
Ca3Tl,0.0
Ta2FeAs,0.0
BaCa2Mg,0.0
Tm2PdPt,0.0
SmGeO3,0.0
CeAl3Pt2,0.0
Y2Be2GeO7,4.7547
ZrOs3,0.0
NaSbO2,1.4099
Nd(SiPd)2,0.0
LiMnF6,0.0
Mg(CuO2)2,0.0
Ti3Zn2O8,1.8916
InAgS2,0.0
Sr(MnP)2,0.0
Ti3NbO8,0.0
BaLiTl2,0.0
NiH,0.0
Ca3SnO,0.0
TmAu2,0.0
Li2LaSn,0.0
Sr4Zn3F4,5.0597
PtPb,0.0
ZnCN2,3.5823
ZrCo2Sn,0.0
HoCl3,3.2534
Tb2Ti3Si4,0.0
Na3BrO,2.1308
Ba3Ge2(BO)6,4.2410000000000005
RbFeO3,0.0
Ba4GePt,0.0
Rb2ZnH4,4.1882
LiYTl2,0.0
Ba3CaIr2O9,0.0
LiCa2Si3,0.0
AsPtAu,0.0
Dy3AlNiS7,0.2021
NdFeSi2,0.0
SeN,1.7624
MgBe2Cl,0.0
TiBe2Te,0.0
AgO2F,0.0
Be2TlMo,0.0
BeCd4Ni,0.0
Sc2MnGe,0.0
Ba4NiOs,0.0
SrCu2(BO3)2,0.0
NbGa3,0.0
Li3LaAs2,0.4458
Ca(BC)2,0.5252
Co(BW)3,0.0
MgCr,0.0
ZrI4,1.7428
ZnCuF4,0.9209
LaMg2Ni9,0.0
SBr,1.7067
U2SnPd2,0.0
Y2Ni2O7,0.4143
TbCo3B2,0.0
Li3(FeO3)2,0.0
BaTlIn,0.0
NiAs2,0.0
YP,0.0
MgBeTl2,0.0
Ba6HfO8,2.3569
Eu(Cu2Sn)2,0.0
Na2SO3,5.2411
Rb3Sb2Au3,1.1407
Ca(CoN)2,0.0
Li6PS5I,2.0045
Na3FeS3,0.0
UVC2,0.0
Sc2NiRh,0.0
Ca3Al2Si3O2,5.3186
Ag2HgI4,1.0657
Ba4CaRu,0.0
Er2Al3Co,0.0
Be2TlNi,0.0
LiCoAs,0.0
BeNi2P,0.0
BaSiF6,7.9332
Sm2MgIr,0.0
K2NaBe,0.0
PaAs,0.0
YbPd2Au,0.0
Ba4SnPd,0.0
AcCdRh2,0.0
HfZnAu2,0.0
Y3Sn,0.0
Cu3(MoH)2,0.2583
Dy3Pd2,0.0
Li(PrGe3)2,0.0
DyYAg2,0.0
YGaAu2,0.0
Li3Zn2SbO6,2.6683
Li2Si,0.0
ScZn2Pt,0.0
Tm3Mn3Ga2Si,0.0
Nb3B4,0.0
HoSF,1.3904
HfAl,0.0
TiFeCoAs,0.0
PmTm3,0.0
Cr2NiO4,0.0
ScSi7Rh3,0.0
CdBiO3,0.7667
Dy2MgIn,0.0
PrCdAu2,0.0
MnH2SO5,2.0166
SrNb2O6,2.9739
BeCdCu2,0.0
Ca(CuSi)2,0.0
Tm2IrRu,0.0
HfS3,1.1833
BeGa2Co,0.0
Ce3Pb,0.0
Mg(FeS2)4,0.0
MoWSe4,1.1594
Tm2Pb2O7,1.0062
BeTcIr,0.0
GaAgTe2,0.0
BeFeBi2,0.0
Y2HfO5,4.6668
V5Te4,0.0
LiVP3H,0.0
Al(FeS2)2,0.0
ThSe2,0.7023
Tl4Te3Pb,0.247
Th3B,0.0
TmInRh,0.0
LiAl2Ir,0.0
LiYF4,7.5248
Er2CdIn,0.0
MnB4O7,2.2175
NaYIn2,0.0
Ba2TbBiO6,1.8707
CaTlF3,4.6333
Mn2SnO4,0.0
CrCu2Si,0.0
Ti2SbP,0.0
Al2CdO4,2.9782
HfCoO3,0.2463
Ca(BeGe)2,0.0
Ba3BiN,0.0
BeNb4Sn,0.0
RbNiCl3,0.7883
BH4O2F3,7.5277
PtN,0.0
CaCo4Cu3O2,0.0
V(CoSe2)2,0.0
Sb2Au3F8,0.1783
NdTlCd,0.0
AlAgTe2,1.0741
MgBe2Bi,0.0
DyMgAg2,0.0
Zr2BeIn,0.0
AlMo3,0.0
TiF2,0.8036
CrSe,0.0
InOF2,0.3668
Li7Cr5O2,0.0
V2B3,0.0
PrZn(FeO3)2,0.0
NpSbTe,0.0
BiI,0.5569
CaTaTc,0.0
DyCdHg2,0.0
LiNi2P3,0.0
Ce2CdPt2,0.0
Ho3Ge4,0.0
TmNi5,0.0
TiCoSn,0.0
Cs2NaYF6,7.4238
FeTe2,0.0
ThTi2O6,2.9657
BeCrHg2,0.0
Tm2CuIr,0.0
Ba4SiBr,0.0
LiTlHg2,0.0
K5Sb4,0.0
Mg(NiS2)4,0.0
Ba2HfBi,0.0
LiTePd2,0.0
C(ClF)2,5.7321
Sc2AgAu,0.0
Np(Al2Cu)4,0.0
YbSmSe3,0.0
ZrMo2,0.0
CaN6,3.5063
Yb(SiRh)2,0.0
Sr(CeS2)2,0.0
Ag2Cl3,0.0
YCdGa,0.0
BaCoTe,0.0
URh3,0.0
ZnH4(CO3)2,3.157
Mg5(HO3)2,4.2638
In2Pt2O7,2.2208
ErB2Ru3,0.0
BeMo4Pd,0.0
Zr2AlN,0.0
ErRh2Pb,0.0
LiHoIn2,0.0
Zr2Fe3Ge,0.0
SrGePt,0.0
Sc3Hg,0.0
MoPt3,0.0
Ba4ScPd,0.0
Ba4RuW,0.0
AgTeO3,1.2512
CaBe2Cl,0.0
Sm5Sb3,0.0
Y2O3,0.0
BeReSi,0.0
KBeBi4,0.0
LaWN3,0.8182
YbPrHg2,0.0
Y2BeBi,0.0
SrTlO3,0.0
DyPt3,0.0
Zn2BAs,0.0
Nb5(CuSi)4,0.0
Pr2AgRu,0.0
Tl(CuO)2,0.0
Pt3Pb,0.0
Sb2Ru,0.0975
Be2IrOs,0.0
Ta2ReMo,0.0
TbCdAu2,0.0
BaV4ZnO8,0.0
LiYb2Hg,0.0
Na2LiBe,0.0
Sc3InB,0.0
BaSnO3,0.5782
W3O7F,0.0
Tm2NiRu,0.0
HfBe2In,0.0
Ba4NbCo,0.0
ThCo2,0.0
K2NaInSb2,0.6243
HfTc2W,0.0
CaTeO4,2.3284
BeCoIr,0.0
YSb2,0.0
UOs2,0.0
Li6Fe(OF)3,1.035
YBe2Mo,0.0
Ba(NdSe2)2,1.6901
ZrCuF6,0.0
Li3Nb2Fe3,0.0
YAgO2,2.6985
ScZnPt2,0.0
MnTl2SnTe4,0.3371
LiSnPCO7,3.3301
TiBrN,0.6165
BeRu2Pt,0.0
Li4Mn3OF8,0.1363
Ag3SI,0.8377
LiCaGaF6,6.65
Sn2OF2,2.6421
YbGa2Ir,0.0
BeHgBr,0.0
Be2CuRu,0.0
TbB2Ru,0.0
Mg2TiIrO6,0.0
CaCrO3,0.0
NaMgSb,1.1722
TaSb2,0.0
LiMgSnAu,0.0
Be2CuIr,0.0
Be2OsCl,0.0
MgCd3,0.0
TbMgRh2,0.0
SrBeCu4,0.0
V5SiB2,0.0
Ba2YCu3O7,0.0
Ba4ZrTc,0.0
Sr(Cu2As)2,0.0
Mn2AsSe,0.0
Sr2HoReO6,0.0
HoAu,0.0
Ho(BC)2,0.0
Na2LiAlH6,2.9886
YbInCu4,0.0
Ta2BeBr,0.0
TiBe2P,0.0
TlCuO2,0.4668
Li3FeSiBO7,0.0
YInRh,0.0
Ba4CoCl,0.0
PmSbPd2,0.0
BaGa2Co,0.0
ScTaFe2,0.0
Fe3(OF2)2,0.0
BeZnW4,0.0
MnReO4,0.0
NaBi,0.0
LiAg2F4,0.0
Pt3Rh,0.0
LiTaO3,3.7668
ScU3Sb5,0.0
KMgAs,1.3654
NpSnRh2,0.0
Ca(CuN)2,0.0
YErZn2,0.0
LaBe2Cu,0.0
K4Ru2O,0.5493
LiSiNi2,0.0
Li2ZrF6,5.6785
SmTl3,0.0
CaInCu4,0.0
TiNiGe,0.0
P3Ir,0.0
Li3MnF5,2.2807
Ba4GeRh,0.0
SnAu,0.0
Au2O3,0.9734
BaLiY,0.0
MgSb,0.0
BaTaS3,0.0
In2PdRh,0.0
La(CoB)2,0.0
TaBe2Cd,0.0
LiVPO4F,0.0
MgCrO4,2.2279
NaAc,0.0
Na2MgSiO4,4.1019
Al2TcPd,0.0
CrSn(PO4)2,0.0
NaCu2As,0.0
Sr2H5Rh,0.6506
Be2CrSb,0.0
ScInAu2,0.0
CuBiPbS3,0.5961
Be2Cu2Bi,0.0
SrNi3Ge2,0.0
SrZnCl4,4.5104
NaCaVO4,3.5566
SmDyRu2,0.0
Sm2SnS5,0.0
Ti2NbPt,0.0
MgBeBi4,0.0
Bi3BrO4,0.9363
Li2MnBAsO7,1.2525
Fe3O4,0.0
TbNiB4,0.0
Ca3Ni7B2,0.0
BeAgMo,0.0
Cr2FeTe4,0.0
In5AgS8,0.0
TmInCu4,0.0
V4GaSe8,0.0
Li2CdSn,0.0
Be2VFe,0.0
IrPb,0.0
Ba4OF6,3.6547
Na2CdPb,0.0
ThI4,1.9796
MgNi2,0.0
BeRuPb2,0.0
SmYZn2,0.0
Ta3Sb,0.0
Mg2MnIrO6,0.0
Ba4BeGa,0.0
DyCu5,0.0
TlFeSe2,0.0
Li6ZnO4,3.9215
Sc2BeRh,0.0
Be2Nb,0.0
Ba2YMn3O8,0.0
CdCuPd2,0.1574
Fe3W3C,0.0
Ce5Zr3O6,2.0676
Ca3SiBr2,0.0
KGeNO,2.8938
Zn3CdS4,1.7168
ZrBeRh2,0.0
Ba4SeBr,0.0
Li6CuF8,0.4727
Tb(NiB)2,0.0
SbPO5,2.7472
SrBe3,0.0
BaDy2PdO5,2.0925
Hf2BeZn,0.0
LiCdP,0.0
ScB4Ir3,0.0
Bi(PdO2)2,0.0
K5CuSb2,0.9763
Y3GaC,0.0
Be2CdGa,0.0
K4IrO4,0.3081
Co2P2O7,0.0
LiYb3,0.0
K5As4,0.0
Y3CuSiSe7,1.632
MnCuO2,0.0
CaSbPd2,0.0
VGaCo2,0.0
Th2HN3,1.7602
TeOF2,4.1643
Tm2PdRu,0.0
TiSb2,0.0
TlNO2,1.3581
UGa3Ni,0.0
LiMg2Zn,0.0
Y2ZnIr,0.0
DyGeAu,0.0
YbIn5Co,0.0
KHF2,7.4056
Al2CdSe4,1.4123
BeTl2Cu,0.0
Li2BeNi,0.0
Yb(YS2)2,2.1688
Ca(MnGe)2,0.0
HfVF6,0.0
PrCoO3,0.0
Tb2Se3,0.4015
CoCO3,0.0
Rb2Ti(SiO3)3,3.2453
Ba2Na(NiO2)3,0.0
Ta2OsW,0.0
Mg4BePt,0.0
Zr2CoOs,0.0
Pr3IrO7,0.0
BaV2P,0.0
Ba(CuO)2,1.5251
Sr(ZnGe)2,0.0
Hg2SeO4,1.7333
PaSi3,0.0
Mg2TaSbO6,1.228
MoAs2O7,2.5478
SmRh,0.0
NaTlPd2,0.0
NaDyS2,2.3115
Tm(CuS)2,0.0
ScTlO3,0.9788
Sr(PRu)2,0.0
Li3Fe2(NiO4)2,0.0
Na6CoO4,0.0
Be2PW,0.0
Tm2OsAu,0.0
TaTiRe2,0.0
Mn3(OF2)2,0.0
CaTi4Cu3O2,0.0
Tb5O9,0.0
UC,0.0
TiBeFe2,0.0
Mg3Ti2O7,2.8255
LuSe2,0.0
Na3Mn5O2,0.0
BaPd,0.0
Tm(MnSn)6,0.0
LiHo2Rh,0.0
GeMo3,0.0
K3NaUC3O,2.3547
Ba2Nb5O9,0.0
LiSiRu2,0.0
BaCe,0.0
HfSiTe,0.0
YZnPO,1.2505
KBaIn,0.0
Nd2Cu(GeO4)2,0.5051
KCu4Se3,0.0
VFeRu2,0.0
TmPaO4,3.0291
Lu3SnC,0.0
MgTa,0.0
Ba4ZrP,0.0
Sr2Be2Cr,0.0
Nd2(Zn2Ge)3,0.0
YbGaAu2,0.0
PmSnRh2,0.0
RbBrF4,3.0705
Dy2V2O7,0.2966
BeReB,0.0
BaCdSb,0.0
BPt,0.0
Li2Ni(CO3)2,0.6964
SnPb,0.0
Ba2MgIn,0.0
PrBPt4,0.0
FeCuS2,0.0
TlSnPb2,0.0
LaNi5,0.0
Ca2BiAsO6,3.3101
BeNbIn,0.0
RbCuCl3,0.0
LiO3,0.0
Li8SiO6,4.9192
Li2Mn3NbO8,0.0
BaHI,3.0214
TiAlCo2,0.0
Li2CdPt,0.0
NaNd3,0.0
Mn(GaS2)2,1.0321
AgPb4ClO4,2.3897
Rb2MnCl6,0.0
K3AlH6,2.1119
UAl2Cu,0.0
KPrS2,2.2971
Si2NiP3,0.0
ErMn2,0.0
PmMgAu2,0.0
U2Co3Si5,0.0
Sm(NiSn)2,0.0
CaAsH5O6,3.7683
SnPbO3,1.2216
Li8ZrO6,4.9823
ZrBe2Cr,0.0
LiAl3,0.0
Pm2CdSn,0.0
Mg(AuF4)2,2.0075
BeZnFe,0.0
ZnSi3,0.0
BaTaO3,0.0
CaFe2(Si2O)2,0.0
V5S4,0.0
LaSeF,1.7971
SnAsIr,0.0
CuHgSBr,0.6162
Ba4CuPd,0.0
V3B4,0.0
HoCoSi,0.0
Li4V2SiGe,0.4446
AlCuO3,0.0
Li2MnSn(PO4)2,2.3669
ZnO2,0.0
Ta3AlC2,0.0
Si3W,0.0
SnPO3F,3.6175
LiCa2Pd,0.0
Yb2S2O,0.7594
BeGeRh,0.0
Pm2AgRh,0.0
Cu2Sb,0.0
URu3,0.0
Mg4BeMo,0.0
Dy2CuRh,0.0
Ba2TlCr,0.0
AlPNCl5,3.839
Pm2CuGe,0.0
Eu2B4Rh5,0.0
Fe2P2O7,0.0
SnRh,0.0
PrGeRu,0.0
AsH3,0.0
MoAsPd2,0.0
Mo2AsP,0.0
Mo6PbSe8,0.0
Nd3In,0.0
Na4SnO3,1.9867
Hg2BCl,0.0
Nd(SiOs)2,0.0
RbAgO3,0.0
H6PbCI3N,1.8046
Mn(AlS2)2,0.0
GeP2O7,4.0812
K3BiO3,2.9744
U(Cr3P2)2,0.0
NaCO2,3.3296
Nb(W3Se2)2,0.0
Be2FeSb,0.0
BeZnPt,0.0
LiYO3,0.0
MnBe2Bi,0.0
LiAlAu2,0.0
Sr(CdSb)2,0.0
Ti5Sb3,0.0
Tm4B6O5,4.9565
Mg2Sn,0.0
BaSc2Be,0.0
Li5CoO3F,0.1034
NaAg(CN)2,2.4897
ZrNi3,0.0
Rb2PtSe2,1.0444
LiBe2Br,0.0
ZrP2,0.0
Li4MnCo3(P2O3)2,0.0
ZnO,0.0
CsNiF3,0.0
Mg2Ti2O5,0.0
TlPPt5,0.0
Mg6Si7Ni6,0.0
MnBeTe2,0.0
BaNdCo2O5,0.0
SiW3,0.0
TiOs,0.0
SbAsRh,0.0
Na2TbPCO7,4.6294
Al5W,0.0
Dy(SiPd)2,0.0
FeO2F,0.0
InAsPd5,0.0
Hf2OsRh,0.0
TaNO,2.2558
TlPF6,5.9921
K2Cd3S4,1.8385
NaAsRu2,0.0
K4P2PdS8,1.676
AgSbF6,1.3371
HfInAu2,0.0
Lu2In,0.0
Tl2SnCl6,2.1478
BeTlIn,0.0
MnVNi,0.0
Ca3N2,1.0417
HfRu,0.0
LiBe2Fe,0.0
Yb2V2O7,0.0
Sc5NCl8,0.0
PrBi2ClO4,1.1642
MoP4,0.0
Li7Si2Ni3O2,0.0
BeV2Tc,0.0
NbS,0.0
ScAlAu2,0.0
Tb2B4C,0.0
V2MoW,0.0
Sm3Te4,0.0
UTeAs,0.0
MgIr2,0.0
TaS,0.0
LiSmO3,0.0
KZrSnF7,4.1444
VFeAs,0.0
Zn2CoIrO6,0.0
Co3NiO8,0.0
K2Ge2PbS6,2.0407
Tl2(IO3)3,1.8023
NbInRu,0.0
BeZnBi2,0.0
Ba3SbN,0.0
NaLi3(H2N)4,2.8274
Li2CeP2,0.8435
K2BeSb,0.0
YbAl7Au3,0.0
Ba2H6Pt,1.7972
K2Cd(CN)4,6.0256
Y(Sn3Ru2)2,0.0
V4SiSb2,0.0
K2AgP,1.26
Zn2AsOs,0.0
BaSbBr2,0.0
SiH2C2(NF)6,5.0703
Ca2CrN3,0.0
NbGaAs,0.0
Lu2CdS4,1.2126
ZnNi2Ge,0.0
NdErZn2,0.0
Ca2MgSi2O7,4.7869
Ti2MnRe,0.0
BeZnOs,0.0
SrMnBe2,0.0
Sr3UO6,2.3269
CeCo5,0.0
HgF,1.8305
ThHg3,0.0
UAl2Pd5,0.0
BeVBi4,0.0
BeZnFe2,0.0
Ca2AgBi,0.1303
Ba(ZnSn)2,0.0
HoNbRu2,0.0
Tm3PbC,0.0
Be2NbSi,0.0
Na2PHO3,5.9937
VSbRh,0.0
BeHgPd2,0.0
SnGeS3,1.2938
VTeRu,0.0
MnH4(BrO)2,1.6152
ErTlTe2,0.7044
HoSbPt,0.0
BeSe,0.3866
Sr(BiO2)2,2.4795
Ce(SiNi)2,0.0
BaCa(FeO2)4,0.0
TiBeCo2,0.0
MnBe2Cd,0.0
LiAg,0.0
Zr4Pd2O,0.0
TbPS4,2.2886
Tm2ZnPt,0.0
CaTiBe2,0.0
K3Cu2F7,0.0
BeBi2Pt,0.0
KThCuS3,2.0258
U2AlCo3,0.0
Ba3AsN,0.0
Sm3Y,0.0
Tb3Ni,0.0
KBeSe2,0.0
SrBe2Cu,0.0
Be2HgRh,0.0
LiAuF6,2.015
Ca(AlS2)2,3.4374
Ba4TiMn,0.0
Na2BeCl,0.0
Li2V3SbO8,0.0
Rb3TiF7,2.9176
CaTb2O4,3.1096
SiP2,0.0
YMgZn2,0.0
MoPO5,0.0
YClO,4.2845
Sr2AgSb,0.5219
HfBe2V,0.0
SrCaAg2,0.0
Be2VGe,0.0
HoTa3,0.0
LiY2Os,0.0
Lu(MnGe)2,0.0
Ce2MgAl,0.0
ZnMoF6,0.0
HoErPd2,0.0
RbLaSe2,2.1825
TiBe2Ru,0.0
ScSnAu,0.0
Tl(BH)6,4.4592
AcAgHg2,0.0
Rb3Zn,0.0
FeCu2GeS4,0.0
Ba4ScGa,0.0
U3TiGe5,0.0
LiYb2Pd,0.0
NdMn2,0.0
TaSiAs,0.0
Ba4TiV,0.0
KYSiS4,2.8080000000000003
ErB3Mo,0.0
SrBe2Nb,0.0
ScSiPt2,0.0
MgIn2O4,1.5088
NbFeSb,0.7481
LiMnCoO4,0.3751
Al8Mo3,0.0
AsI3,2.0162
SmBRh3,0.0
Be2RuW,0.0
AlSi,0.0
H7BrO3,4.0763
NaWO3,0.0
CrSiO5,0.7947
CaB4O7,6.3741
Ba4NaP,0.0
K3AlO3,3.2592
TiSiPd,0.8366
ErSn3,0.0
Mg(SnN)2,0.0
NdB6,0.0
CaCrF4,1.6288
Ba4MnSn,0.0
Co3(O2F)2,0.0
LiScAs2O7,3.6528
KBeTc,0.0
ZnFePb,0.0
Pr3Se4,0.0
NaSn2Cl5,2.7643
ScAgO2,1.9471
KLi2(HO)3,2.9209
Co2Si,0.0
Re3P4,0.0
NaBe2Cu,0.0
CePmZn2,0.0
NdGaO3,0.0
K6HgS4,1.6568
LiZr2Ir,0.0
Li3CoOF3,0.3041
LuPO4,6.3729999999999976
Yb2Co2P7,0.0
LaC,0.0
Ba3NiSb2O9,0.0
Yb(SiNi)2,0.0
BaFePd2,0.0
Na3FeF6,0.0
PrF3,5.631
ZrBe2Br,0.0
Be2CdRe,0.0
LiPd3,0.0
TiRe2As,0.0
Sc2FeSi2,0.0
BaTlSb2,0.0
K2NaAlH6,2.6757
Ca2BeW,0.0
Ca5W(N2O)2,2.3713
BaCu2Cl,0.0
Ba4VCl,0.0
Ho2MgAl,0.0
YbPrAg2,0.0
Mg(BiO2)4,0.0
Ga3Cu,0.0
BaSm2PdO5,2.2407
HfSnPd,0.409
K2ZnH4,4.2837
Ce3Dy,0.0
UTc2Sn,0.0
NbZnCo2,0.0
YbCdAg2,0.0
Ba(NiP2)2,0.0
ZrH,0.0
Hf3Zn3C,0.0
Ba3Al5,0.0
LiYHg2,0.0
V2Zn2O7,2.0413
PuRh3,0.0
Si3W5,0.0
V3Re,0.0
ScHCl,0.0
BaCaI4,2.9992
Sr(NiGe)2,0.0
YbSiAg,0.0
USnPt,0.0
DyTiSi,0.0
BaCdIr2,0.0
Tm(BC)2,0.0
Li4Ti5Cr3O6,0.0
K2LiAlF6,7.8498
YB4Rh,0.0
Li4NCl,1.9616
Be2NbOs,0.0
Hf5Sn3,0.0
Mn2AlV,0.0
Tl3VS4,1.8925
Ba4PtCl,0.0
Ba4TiTl,0.0
BaTa2Be,0.0
ErRu2,0.0
LiSnCl3,3.727
DyBr3,2.5371
MnZn2SbO6,0.0
CoCuO2,0.6258
MnNb(PO4)2,0.1787
SnAu5,0.0
As4C3,0.0
Ba4CoTc,0.0
TmClO,5.1506
DySi2Rh3,0.0
MgIrO3,0.0
BaZnPb,0.0
Cr3Ge,0.0
ZnCuPt2,0.0
LiCuPd2,0.0
LiDyO2,4.2467
Sm3Hf,0.0
NbGeAs,0.0
CoH2SeO5,0.1695
TaTiRu2,0.0
TbOF,3.278
Ba2YTlNi2O7,0.0
BeHgPb,0.0
LiY2Al,0.0
Be2InRh,0.0
BeIrBr,0.0
Cd2PbO4,0.0
CoAsS,0.0
Be2NiSe,0.0
CaZn2,0.0
CrTe2,0.0
V2TcRu,0.0
K2RbPt,0.0
MnV(PO)4,0.0
LiBeSe2,0.0
ReSn3,0.0
V3OF7,0.0
TaC,0.0
Na3MgPCO7,4.8352
ScVFe,0.0
LiHfBe2,0.0
YH3,0.0
BaPr2CuO5,0.7086
ZnH2SeO4,4.244
RbLaO2,3.4825
Ba2SbI,0.7992
Ca3Hg,0.0
V2OF4,0.6395
Na4GeO4,3.02
LuPaTc2,0.0
Li3V4O8,0.0
Ta2FeOs,0.0
ZnSiRh2,0.0
Ca2FeSbO6,0.0
TmAg(PSe3)2,1.6673
ZrCrFe,0.0
Ba4CdPt,0.0
Li2CuPd,0.2913
BeTl2Ga,0.0
YCrO3,0.0
K2Sn(AuS2)2,1.5016
Be2BrCl,0.0
Na2BeCu,0.0
ErCuGe,0.0
BeNb2P,0.0
CaAgO2,0.0
PrNdTl2,0.0
VMo,0.0
SrLiH3,2.364
Rb3Co,0.0
RbSmO3,0.0
RuPbO3,0.0
Nd2SnHg,0.0
Sc2BeTc,0.0
PIr2,0.0
Cu3(Ge2O)2,0.0
Cu8O,0.0
Lu2TiO5,3.0976
HfBe2Tc,0.0
YBeBr,0.1676
RbTe,0.0
BeCdPt2,0.0
Ba2Mn(B3O)2,2.5694
NbTc2As,0.0
CaHBr,3.9599
NdHO2,4.1855
ScBe2Sb,0.0
TiClO,0.0
Be2SnGe,0.0
RbSm2CuSe4,0.8854
Ag3AsS3,1.0559
Li5MnCr3O8,0.0
U2W2C3,0.0
BeMo4P,0.0
SnPbF4,3.5408
TiNi,0.0
CrSe2,0.0
LiBIr,0.0
GeBi4Te7,0.5379
MnInPd2,0.0
SbPO5,2.3601
Er2Sn2O7,2.8787
S3(NCl)2,1.4122
AcN,0.0
Ti2GaFe,0.0
Ca(MnSb)2,0.0
Dy(CrGe)2,0.0
NaIO3,3.6675
BaMgMn,0.0
ZrAlPt,0.0
LiFeO2,0.0
YMgCu,0.0
Be2CoCu,0.0
Ba4TlRe,0.0
H4NClO2,2.9355
CdCuAs,0.0
KAlTe2,2.076
PbC2(SN)2,2.6551
Ba4HfCu,0.0
KNaBe2,0.0
AuSeCl7,1.6648
Ho2Be2SiO7,5.2647
LiMn2(BO3)2,0.0394
KSe,0.0
MgSnPd2,0.0
Na2SbAu,0.4316
K3Mg,0.0
Zn2AsO4,0.0
Rb2LiVO4,3.7689
AgO,0.0
K2SmF5,7.1383
RbBiO3,0.0
TiBe2Bi,0.0
K2AgBi,0.9483
MnSb2F2,1.4302
Tl3CoCl5,0.6459999999999999
V2O3F,0.0
BeOsRh2,0.0
Y2(Al3Co)3,0.0
SmBi,0.0
Na3AlF6,7.0559
PCl5,1.7182
InAu3,0.0
MgBe2Sn,0.0
HfAlRu2,0.0
Ba4PdPb,0.0
BaBi2Cl,0.0
Li2CoSnO4,0.0
Cd(AsO3)2,2.1215
ScInRh2,0.0
MgGeIr2,0.0
Ag3Te2Au,0.0
Ta3N5,1.2735
Ta2Hg3SO4,2.5838
BeVRe2,0.0
ZrAlNi,0.0
Ba3NaIrO6,0.0
Li2ThN2,2.2928
Sr3BiN,0.3072
BaRe2Ge,0.0
Ti3Al,0.0
Ca3Al7Cu2,0.0
Re2AsRu,0.0
NaTl2InF6,4.5872
Ba3NdRu2O9,0.0
TiGePt,0.0
KCaNb2O6F,2.8245
VCdO3,0.0
BaNb4O6,0.0
PmInNi2,0.0
Hf5Al3,0.0
Sn4P3,0.0
Li2CuSbO5,0.3634
Sr3CdPtO6,2.2262
HoH3,0.1903
H2O2,4.2019
BaNbBr2,0.0
MgH6(NCl)2,4.9969
Li4Co(OF)2,0.1632
Zr2Zn,0.0
BaV2(PO)4,0.0
Ba2AlInO5,1.9218
CaBe2Si,0.0
BeMo2W,0.0
TbGeIr,0.0
LiTaWO6,2.8626
Be2PtPb,0.0
Be(VPd)2,0.0
Mg(BeP)2,0.8011
LiPb,0.0
KEuSiS4,2.77
BaCr2Mo,0.0
ErPbAu,0.0
Mg2Mn2O5,0.0
Li3BO3,5.7046
La2AgSn,0.0
BaAlCuNiO5,0.0
Mg(FeN)2,0.0
Li4V3Cr3O2,0.0
K2Al2Sb2O7,3.6171
Er2In,0.0
Ce3MnBi5,0.0
YBi3F5,0.6668
PrCo4B,0.0
Sc2O3,3.5655
PrYTl2,0.0
Na4Bi2O5,2.094
Cr3O8,0.0
B3N2,0.0
SnBr2,1.8209
Fe3SnC,0.0
LiAlPt2,0.0
ErCl3,3.2941
AlCo,0.0
TlZnF3,4.3833
Na2VPCO7,0.0506
BiMoRh,0.0
CaAl2O4,4.8853
RbSbBrF3,3.8792
Nb2Tl4S,1.1452
TbCuAs2,0.0
Ba4BeGe,0.0
Be2VSn,0.0
InTe,0.0
LiBeGa4,0.0
Ge2Pt,0.0
Na3UF8,3.1335
LaCrO3,0.1499
InPPd5,0.0
BePdBr4,0.0
PrMnSi,0.0
BeSn2Ge,0.0
SeI2,0.8425
BaSc2Ni,0.0
TaRu3C,0.0
CaSnHg,0.0
P3Rh,0.0
NaVSe2,0.0
LuCo2Sn,0.0
TaGa3,0.0
BeAg3,0.0
Na3MoNO3,3.8099
MnBeSe2,0.0
IBr,1.246
BaTbF6,0.0
NaZr2CuF,0.0
NaP,0.9435
AlCrCu2,0.0
Li(Co3P2)2,0.0
BeTcPt,0.0
PrB2Rh3,0.0
Be2FeRe,0.0
Ta3O7F,2.3771
SrZrBe2,0.0
Er5Sn3,0.0
Na3AgS2,2.3013
Dy2Sn2O7,2.8994
MgCr4O9,0.0
ThCd2,0.0
Sc6N2O5,0.0
MgTiRh2,0.0
LiAgC2,1.5128
K2BeGa,0.0
Nd2Zr2O7,0.0
Ba4TcPb,0.0
DyClO,5.143
Sc2CuTc,0.0
LiMg2,0.0
K2SeBr6,1.5275
Ba2PrIrO6,0.0
MoSe2,0.9933
YbSnPd,0.0
BaYPd2,0.0
Nd3Au,0.0
SiH3I,4.1056
Ca(NiS2)2,0.0
TmFe2,0.0
Mg2PdRh,0.0
TiSi2,0.0
LiDy2Br5,0.0
H7NF4,7.5334
SrAl4O7,3.995
Nb3Ir,0.0
Be2OsBr,0.0
ThTa2O7,2.7576
Bi2Te4Pb,0.5316
U4Ga2Fe,0.0
BaSrYb2,0.0
IrBr3,1.4229
As4Se3,1.2255
Ba4IrSe,0.0
LiGa2Ni,0.0
CeSi2,0.0
BeCuSn2,0.0
LuS2,0.0
Ba4CdFe,0.0
H4WNCl6,0.0
KSmF4,7.5503
ErGaRh2,0.0
CaO,3.3592
HoInCo4,0.0
Zn2Sb3O8,0.0
BaMo2Br,0.0
GaH3NF3,5.4123
Be2CuW,0.0
Li2CrS4,0.0
HfTiO4,2.8725
ScN,0.0
Mn2B,0.0
Zr(Al2Fe)4,0.0
FeSO4,0.0
BaTiS3,0.0
Na3BO3,3.319
BeTlNi4,0.0
BaAlCuAgO5,0.0
RbCl,5.0751
CaFeF4,0.0302
SrBeCd2,0.0
NaGeSbO5,2.1355
ZrTi2,0.0
KSnO2,2.3605
SnS,1.5748
Bi2Pd3S2,0.0
YCu5,0.0
PmTl3,0.0
BeTlW2,0.0
Np3Be,0.0
Er3Rh,0.0
LiVCrO4,0.0
Sc2BeGa,0.0
YTmMg2,0.0
LaTl,0.0
Nd3Cr,0.0
Sm(MnAl2)4,0.0
BaCrCd,0.0
Ba2BeBi,0.0
CaSiO3,4.0786
Ba2PbSe,0.0
Li3DySb2,0.0
Li4FeCo3O8,0.0
AsOs2Pt,0.0
LiSm(CuP)2,0.0
KBi(PS3)2,2.171
KGe,0.0
K3Np(H3O4)2,1.4301
Rb2TiCl6,2.016
BaTl2Bi,0.0
LiMoO2,0.0
UBe3,0.0
KBe2Pd,0.0
BeNbRe,0.0
LuRh2,0.0
Li2SnAu,0.0
BaInMo,0.0
NbTlBr4O,1.3342
Ba5Ga5Sn,0.0
Mg2BeCd2,0.0
VInO4,2.9729
UAsSe,0.0
TiBe2,0.0
NaV(GeO3)2,0.0
CeTlCd,0.0
LiTi(SiO3)2,0.3191
Ca2AlFeO5,0.0
Be3Zn4Si3SO2,4.1547
YbPrAu2,0.0
LiHo2Tc,0.0
SmMn3,0.0
VRh3,0.0
UGa5Ni,0.0
MgSiNiO5,0.1557
Pa3Sb4,0.0
BeCrCo2,0.0
ThPt,0.0
NaCu3,0.0
Cr5(SbO2)3,0.0
VTe2,0.0
Ba2MgZr,0.0
PmDyCu2,0.0
Ba4PPt,0.0
RuCl(OF3)2,0.0
CaDyRh2,0.0
Sm4U2O,0.1626
Ba2SmMoO6,0.0
Mn(InS2)2,0.8013
MgSc2Tc,0.0
Rb3LuO3,2.4588
CaBr2,4.5495
K2MnS2,0.8718
DyCrB4,0.2599
Yb2SmS4,0.0
Rb3Th,0.0
SrBPO5,5.787000000000001
Mg3Al9FeSi5,0.0
TmZr,0.0
CaLa2SnO6,4.3258
MnBeRh2,0.0
Lu(Al2Fe)4,0.0
UBrN,0.0
La(HO)3,3.781
Al2CoOs,0.0
BeNiP2,0.0
VBiO4,2.176
PrPtF7,2.4671
AgSbSe2,0.0
BaZn,0.0
YPO4,6.0125
Ta2VOs,0.0
Ti3Pt,0.0
Ba4SrMn,0.0
Cd(FeO2)2,0.0
Ca2SiB2O7,6.0805
TiInPd2,0.0
TbB2Ir3,0.0
Ta2H,0.0
Al5Rh2,0.0
Zn2As2O7,2.0251
PrB2Ru3,0.0
CoSi2,0.0
PdPbO2,0.0
SmAgO2,2.7283
Li3VPCO7,1.5086
SmBeO3,0.0
Rb2NaRhF6,1.9567
DyTlO2,1.6329
SrSbSe2F,0.1925
ScBeCu2,0.0
BeTe2Pd,0.0
LaIr2,0.0
LiFeAs,0.0
Li4Ti3V5O6,0.0
AlPPt5,0.0
InBr,1.5558
Ca4BeNb,0.0
Ca2ZnSn,0.0
BeCuCl,0.0
Nd2O5,2.9719
Li4TiV3,0.0
Ba4WCl,0.0
MnBe2Ni,0.0
Be2Si,0.0
RuC,0.0
Al2Os,0.3684
Li2VGa3O8,2.3118
NdGa,0.0
Li8TiMn3O2,1.1216
RbAuO,1.5539
Yb(HoS2)2,2.2064
BeTl2Cr,0.0
Rb2NaInCl6,3.0927
LiAgF3,0.2132
SnCl4O5,3.1678
IrC,0.0
Ba2DySbO6,3.7224
HfBeNi,0.0
Tb3CuSnS7,1.5008
HfBeCd,0.0
Hf2ZnTc,0.0
La3Al,0.0
CsK2Sb,1.2071
NaIrPb,0.0
Al3Ir,0.0
Na6S2ClO8F,5.0831
RbCaH3,3.3447
BaYCrCuO5,0.0
TeAuI,0.8524
CaYBe2,0.0
MgAsRu2,0.0
ErN,0.0
MnBe2Hg,0.0
LiNdTiO4,2.3697
Ag2Hg7(P4Br3)2,0.7174
Li3Co(CuO2)4,0.0
NbTlPt,0.0
CaBeO3,0.0
U(FeGe)2,0.0
SbRu,0.0
RbSO2F,4.046
Mg2Co3O8,0.0
CaVF6,0.0
Mo3Ir,0.0
MgRh3,0.0
YBeMo,0.0
Ba4InHg,0.0
Sr2BN2F,2.8145
TiFeCoSi,0.0
B2O,0.0
Ti2BeSb,0.0
DyTmO3,4.7998
LiInPd2,0.0
CuH4Pb2(ClO2)2,0.2671
SmGa5Co,0.0
CoCu2SnS4,0.0
Y2GeO5,3.3881
AlNiF5,0.5057
LuGeRu,0.0
BaHgSe4,0.0
BeCuMo,0.0
Mn2Al4Si5O8,0.0
Ca2TaAgO6,0.6624
Pm2ZnAg,0.0
Na2PdS2,1.0594
Mg3TeO6,3.1118
Xe(OF)2,1.7591
GePt2,0.0
ScBe2Sn,0.0
NiRhF6,0.0
SrBeV2,0.0
HoRh2,0.0
Ba2CuHgO4,0.0
ErMgCd2,0.0
FeH6SO6,0.9182
LiGaO2,4.0539999999999985
ZrBePt,0.0
Be2NiIr,0.0
Li2S,3.2361
Li2MnCrO4,0.0
NaBe2In,0.0
LiMg2Ge,0.0
ErVO4,2.4844
YUO4,0.0
V2CdO4,0.0
BeRe2Bi,0.0
Na4SrBe,0.0
Na3SbO3,3.1618
LuCl3,3.3927
PrSi2Ru,0.0
Sc3P2,0.0
Ce2In,0.0
Ba2Pb,0.0
CrTcGe2,0.0
FePbW2,0.0
Ca5Au3,0.0
MgBeZn,0.0
NaZrBe,0.0
LiDy2Cl5,0.0
Pa3Si,0.0
Ba4SnSe,0.0
Be2CrCd,0.0
Al2Cr2O7,0.0
NaYbAu2,0.0
BeSiOs4,0.0
Zr2BeGa,0.0
BeTcIr2,0.0
InFeO3,0.0
BeCo4Tc,0.0
Na2Ti2As2O,0.0
Na2Zn3Se4,1.5046
HfCr2,0.0
PrB2Rh2C,0.0
Y2BeIn,0.0
Li3VCr3O8,0.0
CaAl2,0.0
YSi2Rh3,0.0
ZrSiRu,0.0
MgTeH2O9,4.3379
Ca(ZnSb)2,0.0
BaInBr,0.0
Rb3BiSe3,2.0007
BeFeGe,0.0
Ca2FeP2(H4O)2,0.2849
Na2AlNiF7,1.2906
NdCoGe,0.0
BH3NF4,8.1641
ThMgZn2,0.0
Na2BeH4,4.7732
BeCdBr,0.0
Ca2CoW,0.0
CeScGe,0.0
CaPt2,0.0
LiScMo3O8,1.2363
NaCdF3,3.5652
AlSiTe3,1.2065
KNbO3,1.8877
Er3PbC,0.0
AcDy3,0.0
Na2NiO2,0.858
Ge2O3,0.7767
Li5V4O8,0.0
NpBi,0.0
Mg2GaPd,0.0
ErAgGe,0.0
Cr3Ru,0.0
RbPr(MoO4)2,3.7539
Sc3Al,0.0
CeZrO4,2.0765
NaSr3TaO6,3.89
Ba4BiSe,0.0
Cu2P2O7,0.0
Y(FeGe)2,0.0
NaHO,3.1797
TmCuSe2,1.2744
Pr3CoB4,0.0
MgAsIr2,0.0
LiAsH2OF6,4.0601
LaOF,4.7986
TmInCu2,0.0
Ca5B3O9F,4.5112
Cu2Cl2O,0.0
HPbI3,2.2354
Yb(Fe2Ge)2,0.0
LaTlZn,0.0
LiTm2Ir,0.0
DySi2,0.0
VRe2O9,0.4323
Ba4MnNi,0.0
BeCu2Br,0.0
MnVAgO4,0.5999
CuCO3,0.0
TmIn,0.0
Rb3CrF7,1.7931
SiPN3,4.042
DyAl3,0.0
Ba4TlHg,0.0
MgZrCd2,0.0
Ba4HfZn,0.0
NaSbF4,4.3964
Tl2PtCl6,1.6306
Li2CaSiO4,5.7821
Li2Ni3SbO8,0.0
BaTi4ZnO8,0.0
Zr2Be2Ga,0.0
CaSnS3,0.0
LuFeC2,0.0
BaTlSe,0.0
RbPt2Se3,1.1259
Sc(IO3)3,3.7718
Be2BiPt,0.0
ScInAg2,0.0
Rb2NaVF6,1.8862
LiIn2Ag,0.0
SrBeBi,0.0
YAg2,0.0
BaReH9,3.7585
Mn2OF4,0.0
UB2C,0.0
ZrNi2Sb,0.0
YbNdS3,0.0
Zr6Sb2Pt,0.0
Hf2Ge,0.0
BaTeO4,2.2453
KCu4S3,0.0
TlFeO2,0.0
TaBe2Pd,0.0
Ca3(InAs2)2,0.2121
CdAs,0.1028
Mg2PbW,0.0
Ca2ZnN2,0.8415
ScGa5Fe,0.0
Ca(ZnAs)2,0.4049
NbRh3,0.0
Yb4As3,0.0
PSe,1.9713
RbNaTiO3,3.4739
Yb2MgSi2,0.0
Li3CrPCO7,1.259
KOsF6,1.16
ZnCr2F2,0.0
Ba(PIr)2,0.0
LiHfPt2,0.0
CrSiRu2,0.0
HfBeCd2,0.0
ErPS4,2.2611
K3W,0.0
Ba2ScIn,0.0
LiHo2Os,0.0
Li4Mn3Co2(NiO2)3,0.0
ScF3,4.7012
Ta4MnS8,0.0
HoGaO3,3.8977
ErNbOs2,0.0
NiAgTe2,0.0
KTbGeS4,2.3245
HoTlO2,1.5742
ThGaAu2,0.0
Ti2MnO4,0.0
TlI,2.2039
NaMnBi,0.0
CeTlPd,0.0
TiP,0.0
Ba(NiP2)2,0.0
LiV2(SiO4)2,0.0
PaCdAu2,0.0
TaAuBr,0.0
ThSn3,0.0
Co4Cu3O2,0.0
YPt2,0.0
PrPt3,0.0
Rh3W,0.0
TaCl4,1.1012
Sc2InAg,0.0
Rb2In3,0.0
CaMg,0.0
S5N6,2.014
Pr2CdPd2,0.0
Ca3Si2SnO9,3.6587
LiNpIr2,0.0
BeTlSi,0.0
TaInRu2,0.0
CaTiGeO5,2.7834
Sr2TlCuO5,0.0
Na2O,2.0283
SnAsRh,0.0
LiHoO2,4.3251
HfMgBe2,0.0
InAg(WO4)2,1.8923
Ca3(B3Rh4)2,0.0
NaNbO3,1.7678
ZrGeTe,0.0
Y(FeO2)2,0.0
ZrBeGe4,0.0
Ca3Cr2Si3O2,0.0
Pr2I5,0.0
PrScSi,0.0
Dy7(TeIr)2,0.0
KSn2Cl5,2.9718
Y2ZnAg,0.0
BaN3Cl,4.0996
La2MgBe,0.0
V4GeSe8,0.0
BaTiPd2,0.0
BeGaSi,0.0
Li4FeO3,0.6513
BeMo4Rh,0.0
V3As2,0.0
Yb2Be2Si2Ni,0.3628
V2P4S3,0.0
SrHg2Pb,0.0
KBaBe,0.0
Ta2CrO6,0.0
K3BS3,2.7395
SbI3(BrCl3)2,0.7537
BeSi2Br,0.0
LiLa3,0.0
Co2P2O7,0.0
Cr(SiO3)2,0.0
Ho2AlOs,0.0
SrBePb2,0.0
LiMgN,2.6027
PrCuO2,2.4216
Ca3CrN3,0.0
BaMn2Sn,0.0
CaCN2,3.6529
NaYSiO4,4.5106
Li2Ti3V3O2,0.0
V2Zn3O8,2.6071
Li2MgCd,0.0
BaSiO9,0.0
MoF3,0.0
MnSnPd2,0.0
MgCuO2,0.0
Na2MgAlF7,7.0655
IrF3,1.2253
ErCdPd2,0.0
Tb(Ni2P)2,0.0
Ba2CaCu2HgO6,0.0
Na3Bi,0.0
KBe2Re,0.0
RbHCO2,4.3697
TaPt2,0.0
MgSiN2,4.4319
PmCl2,0.0
ScBeFe,0.0
Na2ZnSe2,1.9584
LiMo2AsO9,2.589
Li2MgPb,0.0
LiTiAsO5,3.1821
Ho2Ge2Os,0.0
K2B(CN)3,2.439
Ba6Hf5S6,0.6118
U(FeSi)2,0.0
CdAsPt5,0.0
Nd3AlN,0.0
Hg2IO,0.8829
BeRhBr2,0.0
Zn2W3O8,0.6468
YTmAl2,0.0
PrBPd3,0.0
HfAlPt,0.0
Er2Co2P7,0.0
Li4Mn(PO4)2,1.9799
TiBeGe,0.0
CeMnGe,0.0
MgVF4,0.9161
NpGa5Ni,0.0
ErRu3,0.0
Ba4ZnPd,0.0
MnAlO3,0.0
MgTiO3,1.9343
Ti2ReB2,0.0
Na2BeGe,0.0
Be2HgPd,0.0
Sb2O3,1.4492
YbIn2Ni,0.0
Ta2CdBi,0.0
Sc2C3,0.0
LiTiRh2,0.0
Nd3Hg,0.0
Al2PdCl8,1.3326
SmMnB4,0.0
Nb5Si3,0.0
Lu(SiNi)2,0.0
MnBeCr2,0.0
HfNiPb,0.0
BeGePd,0.0
AsPd2W,0.0
NaRuO2,0.0
Zn(GaTe2)2,0.9904
BaZn(SnO2)4,0.0
YbNiO3,0.0
BeFePt2,0.0
BeHgRh2,0.0
HfZnNi2,0.0
TiBePt4,0.0
Na2Au,0.0
Ba4BePb,0.0
K2Pb2O3,1.9676
BeVSe,0.0
YbOF,2.2772
Ba2CrBi,0.0
NpAsSe,0.0
BaSr2Sb,0.0
HfV2,0.0
BeBi4P,0.0
LiZrSc,0.0
AlH2PbO2F3,4.6819
YBi2ClO4,1.4302
Cs2SnI6,0.0
YSc4Be,0.0
Li2InPb,0.0
UNi2Sn,0.0
Ca2Mn2O5,0.0
MgTi3,0.0
Be2VBr,0.0
ScSi,0.0
BaNa2P,0.0
BaSrI4,3.4388
Ba2CdSn,0.0
Li2CrCo3O8,0.0
Te8MoW3,0.9001
Mn5B2P,0.0
MgNi3B2,0.0
SmCuSn,0.0
Mn2P2O7,1.716
TaCo3,0.0
MgS,3.5821
Li3CuP2O7,2.6799
HfBeBi2,0.0
DyCoSi,0.0
Ce2Sm2O7,2.1761
Te4W3S2,0.2394
RuF3,0.0
K3ZnPCO7,4.3475
K2NiPb(N3O)2,0.9301
Dy3AlC,0.0
CaRhO3,0.0
CeCrSe2O,0.0
MoWO6,0.3536
TaTeBr9,1.9491
HoGeAu,0.0
Sr2NiTeO6,0.9869
TiMo,0.0
CuP2(HO)4,0.7379
Li3V4FeO2,0.0
RbSb3Se5,1.2205
Be2C,1.4915
Yb2Si2O7,0.0
LuBO3,5.7521
MgBe2In,0.0
Re3Ru,0.0
Na3MnBSO7,1.8535
Pr4Sb3,0.0
V2Zn3O7,0.0
YCuF5,0.1835
Tl7Sb2,0.0
ScTiO3,0.0
Er3GaC,0.0
Ba2PrSbO6,4.0514
BeSn2Cl,0.0
BaCa(SnO2)4,0.0
Be2SiMo,0.0
Te4Pt3,0.0
Na3PS3O,2.9472
Ba4TiP,0.0
MnSiRu2,0.0
NbO,0.0
Li3V4O5F7,0.0
Mg(ScS2)2,1.5744
Mn2GaCo,0.0
ScInCu4,0.0
NpGa3,0.0
SnTe3,0.0
Al3Te3I,1.9558
Zr2Bi2O7,2.9495
Li2VCr3O8,0.0
Hf4BeP,0.0
Ba4FeCu,0.0
BeTlSi2,0.0
NaTi2O4,0.0
SmTlAu2,0.0
Zn(BH4)2,4.3712
BeCr4Pd,0.0
BeIn2Hg,0.0
Y2TeO6,2.6943
Cr3O7,0.0
ScGa3,0.0
Ba4BiW,0.0
Li2TiF6,4.327
PH6NO4,5.8115
NaCdIn2,0.0
LiBeN,2.8277
H3N,4.5149
Si3Ag,0.0
Ti2Ag,0.0
Re(AgCl3)2,0.5907
BeGa2Re,0.0
HfBe2Hg,0.0
CaUO4,2.3226
NaHg2Pd,0.0
TlSnF7,2.0602
Mo3O8,0.0
Ge3F,0.0
Ba4SiPb,0.0
TaTiMn2,0.0
Pr(SiNi)2,0.0
ErAgTe2,0.8973
Nd2CdNi2,0.0
RbGaH2,1.4184
Co(PdSe)2,0.0
MgSnAs2,0.4117
Sr(NiO2)4,0.0
CdSb6(S2I)4,1.5325
Cr(GeO3)2,0.0
BeSnRu4,0.0
Ba(AlSi)2,0.0
TaMn2Be,0.0
Sc2RuAu,0.0
NdAl2,0.0
TaBe2Sn,0.0
HoAlO3,5.9808
BaAlCu2O5,0.0
ZrZnRh2,0.0
BaInSb,0.424
Re3Mo,0.0
CoN,0.0
CaSiPt,0.0
EuGe2Ir,0.0
BaNa4O3,1.8045
V2ZnN2,0.0
MnF2,0.0
HoLuAg2,0.0
Li4ZrBe,0.0
YbAl2Cu,0.0
Nd3Se4,0.0
Cu3(Ni2O)2,0.0
NdH3(CO2)3,4.3679
MgAsRh2,0.0
USi2,0.0
U(CoGe)2,0.0
Ba3BiSb,0.0
Zr2CoTc,0.0
NbAlO4,3.3702
LaReB,0.0
SiAsW2,0.0
ZrBe2Nb,0.0
Sc2TcNi,0.0
Na6CoSe4,0.4283
Ba4InSb,0.0
MgFe(P2O)2,0.373
Ag2MoO4,2.0139
ZnAgF3,1.7639
P6SO24,3.429
CrH,0.0
Y2ZnS4,0.721
Ca2Mg5Si8(O11F)2,5.3486
Li3In,0.0
CaAl2B2O7,4.9008
Zr(CuP)2,0.0
Sr(GeAu)2,0.0
YAgTe2,0.8439
MnGaPd2,0.0
NaHo2F7,6.7141
CaScRh2,0.0
SmCuPb,0.0
BiO,0.0
LiBeCo4,0.0
Li2CrAsCO7,1.5543
SrMg2FeH8,1.6507
Be2PdSe,0.0
DyPS4,2.2778
V(CrS2)2,0.0
LuCdRh2,0.0
Dy2InAu2,0.0
ZnMo2O5,0.0
Nd(CuO2)2,0.0
AlInO3,2.4641
BaBiSb,0.0
Na8SnSb4,0.0
Ca(NiAs)2,0.0
ScInPt2,0.0
Li3FeOF3,0.0774
BeCdTe,0.0
SmBrO,4.4114
MgBe2Tl,0.0
CaPrMn2O6,0.0
NaNdTiO4,2.4702
TlSbO3,2.3795
YbTiO3,1.9473
HfPbO3,2.5393
V7O3,0.0
Cu2HgGeSe4,0.0
TlH4NCl4,2.1277
SrPbO3,0.8546
NbW5Se2,0.0
Er5Mg24,0.0
USiO4,0.0
LaPd2,0.0
SrPdF4,1.2027
BaB2F8,8.4578
Li8HfO6,5.5293
Li4Mn3Ni(P2O3)2,0.1643
Mn5Si3,0.0
Rb4CO4,0.7388
BaBiBO4,3.4579
InPS4,2.3292
K2NaBP2,1.8756
Ba4FeGe,0.0
AlInB,0.0
YBeMo4,0.0
Ca2BeCu,0.0
LiMn7(O3F)3,0.0
FePb2(CN)6,3.3729
Na3GaSe3,2.1907
Be2VCr,0.0
CaBe2Nb,0.0
BeVOs2,0.0
Li2YBe,0.0
Re3F,0.0
RbErO3,0.0
HoCd3,0.0
PmMgRh2,0.0
BeCdGe2,0.0
PrRhO3,0.5649
KSc2Co,0.0
UCoSn,0.0
Na3NiF6,0.0
CrCo2Sb,0.0
BiOF,2.4186
NaFeS2,0.0
Rb6C5,0.0
Pr2Zr2O7,3.7853
TiMn2,0.0
Hf4BeZn,0.0
NaCeAu2,0.0
DySnPd2,0.0
CoPSe,0.5919
Be2CdPd,0.0
YTcAs,0.0
HoSnRh,0.0
LiNbSe2,0.6717
Pa3Mo,0.0
ScP,0.0
ScBe2Sn,0.0
Sr2InHg,0.0
Li2SnP2O7,2.1173
TaO3,0.0
CaP3,0.0
KSbS2,1.4295
Sm2Au2O5,0.0
TaFeRu2,0.0
CeIr2,0.0
Ta2CrAs,0.0
NbSiRu2,0.0
Na3Mn2SbO6,0.0
ScAu3,0.0
TiAlRh2,0.0
BeTl2Ge,0.0
Ba2SrSi,0.0
Ba4TlIn,0.0
Sr2TaGaO6,4.1217
MnZnIr2,0.0
SrBeTe2,0.0
SrBeIn,0.0
MnBeIr2,0.0
NaHg2,0.0
Ba4HfRe,0.0
UPS,0.0
TlCuAs,0.0
Sr2FeClO3,0.0
K2SnHgSe4,1.4723
Li2CuGe,0.0
Er(SiRh)2,0.0
TaAlFe2,0.2239
K2ZnTe2,1.9641
CeB2Ir2C,0.0
MnSbPd2,0.0
K3Co,0.0
KY2Ti2S2O5,0.0
LuTc2W,0.0
Mn6O7F5,0.0
ScCu2Hg,0.0
ZrCd3,0.0
ZrSe2,0.3374
Tm2RuRh,0.0
KNaSe,2.2923
Sc3Si3Ni,0.0
PmPd2Pb,0.0
Lu2ZnPd,0.0
BeNbRh,0.0
Bi2TeO2,0.0
ZrNbTc2,0.0
Rb2Te5,0.2199
NbAlNi2,0.0
YbPt3,0.0
MoH2Pd(NO)4,3.0956
TlPbI3,2.1436
Li5Mn3Cr2,0.0
K5V3F4,0.0
Li2FeCuO4,0.0
Ba4ZnPt,0.0
Ba5Sb4,0.0
TbInCu,0.0
LaBiAu2,0.0
Be2CdSi,0.0
MgPPd5,0.0
K2Zr7Cl8,0.0
AgF,0.0
Ca3Hg2,0.0
Be2HgTe,0.0
BeHgRh,0.0
LiBeCr,0.0
ZrAsRh,0.0
HfBe3,0.0
ZrFe2,0.0
FeCoO4,0.0
Na2VCSO7,1.474
Cr3AgO8,0.2225
BeCrPd2,0.0
BeTc2Ge,0.0
Li2Ni2SbO6,0.0
EuHgPb,0.0
CuAuSe4,0.0
Zr2Cu,0.0
Yb3Sb5O2,0.0
Np(MnGe)2,0.0
CaIr2,0.0
DyTlS2,1.6517
ZrSn2,0.0
Er2C3,0.0
ScTe,0.0
Co2GeO4,0.0
Ba3Tb,0.0
Ba2LiBi,0.0
RbBe2P3,5.8337
Tm2SeO2,2.1253
Er3AlC,0.0
PrPd3,0.0
Co3S4,0.0
AgClO4,2.4002
Tb3Yb,0.0
TlBiTe2,0.4559
VSiRh,0.3896
CaBeGa,0.0
TiH2,0.0
Tm2MgRu,0.0
Al(CoS2)2,0.0
K2NaTlF6,3.7052
Ca2ZnGe,0.0
Sr4Bi2O,0.9283
DyTe2,0.0
TlAsF6,4.3047
Y2BeCl,0.0
Np3In,0.0
MgZnPd2,0.0
Ba(BiO2)4,0.0
MnFe2Ge,0.0
AgAuF4,0.8168
ThCoC2,0.0
Mg2Pd,0.0
CeB2Rh2C,0.0
HoCu,0.0
Al6Re,0.0
SiB6,0.1499
KBa4Sb3O,1.0698
HgTe,0.0
CoPt3,0.0
PrCd2,0.0
NpAl2,0.0
Yb2MnS4,0.0
BaSm2PtO5,2.5941
SrCa2I6,3.6399
NaBeBr2,0.0
TmB2,0.0
ScC,0.0
LuBRh3,0.0
ErC2,0.0
LiBe2Ge,0.0
Ti3Hg,0.0
Y7FeI2,0.0
CaBeRu2,0.0
YbYPd2,0.0
LiBeSe2,0.0
Tm(MnGe)2,0.0
B2S,0.0
Ho(BRh)4,0.0
BeGeSb2,0.0
AgBiO3,0.0
TmRh3C,0.0
Ca(SiPd)2,0.0
Pu(CrSi)2,0.0
CaBe2Ni,0.0
BaYCl,0.0
Pr(SbOs2)2,0.0
NaMnCl3,2.1421
Rb3Cd,0.0
LaBO3,4.6745
CdSiP2,1.4611
Li2YbSi,0.0
PrMg3,0.0
Nd5CuSe8,1.0056
BeCuRu,0.0
AlCo2Si,0.0
Ba2LiCr,0.0
Fe2As,0.0
BI3,2.6511
PmMgAg2,0.0
BeTl2Ga,0.0
Ga3Co,0.0
Na4Ti3O8,2.2149
K3Cu3P2,1.3848
Mn(BeCl)2,0.0
TbMnGe,0.0
BaLu2O4,2.9704
GaAu2,0.0
AsAu3,0.0
HfS2,1.0778
Li2MgAg,0.0
CeSiNi,0.0
Y(CuO2)2,0.0
SrCrF4,1.7437
Ba(PrS2)2,2.0001
NpSO,0.0
DyZn,0.0
HgOs,0.0
PrBRh3,0.0
K3Ta3(BO)2,2.7549
Li2SiO3,5.5072
Nd2IrAu,0.0
ZrBe2Zn,0.0
K2NaGaAs2,0.9461
YErMg2,0.0
Sr3TaGa3(SiO2)2,4.0345
LiSm2Ir,0.0
Li2Pd,0.0
Ba4LaTc,0.0
RbCrCl3,0.0
HoSi2Ni,0.0
Li2MnF4,2.0442
Hf2BeV,0.0
Be2PdBr,0.0
EuH3Pd,0.0
SrFe2(PO)4,0.5127
Ba4BiMo,0.0
SmP,0.0
MnAlIr2,0.0
SrCuH6O5,0.762
Hf2SbP,0.0
Sm4Cl6O,0.0
NpAs,0.0
ErTl3,0.0
NaUBO5,2.1252
ZrTa4Be,0.0
Ba2MoPb,0.0
Li2BeRe,0.0
LiPdAu2,0.0
BeBiRu2,0.0
CdSe,0.4991
K2TaF7,5.5935
AgCSN,2.4642
Li2EuGeS4,0.0
NdAs,0.0
Nd2Pt2O7,1.1379
VSiRu2,0.0
KGeBr3,1.4113
Li3MnAl2O6,1.2952
DySiIr,0.0
Co(NiS2)2,0.0
BeMoPt2,0.0
Ba4MoRu,0.0
Na2Zn2Se3,1.5326
ErB2,0.0
HoBi2ClO4,1.4361
La2AlNi9,0.0
LuReTc2,0.0
YZr,0.0
HoAsO4,3.8217
K3BP2,1.8312
Na4I2O,2.4878
DyGaRh2,0.0
RhF6,0.8114
ThMnSe3,0.0
Li5Mn3Co2,0.2496
NaCaAsO4,3.762
UGeO4,0.0
CaBe2Tc,0.0
Dy2Nb2O7,0.0
Rb3MgH5,3.131
YbCuAs2,0.0
Sr3Sc(BO3)3,4.6906
LaRe2W,0.0
BaNbTl,0.0
DyCd3,0.0
SrSc2O4,3.5418
Na3AgO2,1.3505
TbCu,0.0
YFe(WO4)2,0.0
KH3C2O3,5.5126
Ba4MgIr,0.0
HfBeTe2,0.0
Zn(CrSe2)2,0.0
VSe2,0.0
TlCoBi,0.0
K2BeSe,0.0
MoCl4O,1.368
PuAl2,0.0
Ba4ZnSb,0.0
Ba4NaW,0.0
BeCrMo2,0.0
Co(BW)2,0.0
PmCd3,0.0
CaPd3C,0.0
Ba4PCl,0.0
Zr2OsRu,0.0
BaCa2Y,0.0
Yb(GeRu)2,0.0
TbCl3,4.4416
Ba4FeW,0.0
DyTe,0.0
CoBr2,0.0
MnH4(ClO)2,1.6621
ThC2,0.0
PuNi2,0.0
HfSbRu,0.0
K2BePb,0.0
Be2TeW,0.0
SmCoSi,0.0
YbTaRu2,0.0
VCoO4,0.3121
Dy2IrPd,0.0
KY3,6.1578
BeCuSe,0.0
BaLi2Fe,0.0
ZrMn2As,0.0
Nb3TeI7,0.4534
ZrBeHg,0.0
BaSbCl,0.0
Li3Fe(PO4)2,0.7547
MnNi,0.0
TlCuCl3,0.0
Ba2LiTe,0.0
Mn2NiO4,0.0
MoCl3O,0.7114
Sr2FeCuSO3,0.0
NdAu,0.0
LiMgSbPd,0.0
Yb(SiAg)2,0.0
Sr2BeNb,0.0
BeIrSe2,0.0
LiPrSn,0.0
ErNp3,0.0
RbAsO3,0.0
BaSiCl,0.6016
KTcO4,3.3308
SmCuP2,0.0
BeZn2Ir,0.0
AlBi,0.0
Li2FeS2,0.0
SbAsF8,3.5806
BaBiIO2,2.9829
CdF2,3.0626
Na4NpO5,0.7702
ScPO4,4.5869
RbSbF6,4.9681
Ba4TiSb,0.0
NaAgF4,1.4002
Ho3Mg,0.0
Ba4CrCd,0.0
ScAg4,0.0
NaMnCrF6,1.723
TaGaRu2,0.0
RbSmSe2,1.8694
CoN3,0.0
VOs,0.0
SmTe3,0.0
Na4CdP2,0.7885
Li2InAu,0.0
ThFe5,0.0
NaBr,4.4044
Eu2PI,0.0
Pb(SeO3)2,1.359
BaHf2Br,0.0
TaBe2Sb,0.0
HfSiMo,0.0
Ti2MnRh,0.0
ErCoSn,0.0
Ho5Sb3,0.0
Cd(RhO2)2,0.9283
Nd2TeS2,1.5892
TbBPd3,0.0
NbSbO4,2.4661
BeTcCl4,0.0
URhS3,0.0
NaC2N3,4.5366
Ta2Be,0.0
ErInCo4,0.0
Li3BN2,3.4231
Be2RhBr,0.0
CaBe2Sn,0.0
LiCo2OF3,0.0
Li3V3CrO8,0.0
Ba4LiHf,0.0
LiAc2Ru,0.0
Sm(AlSi)2,0.0
Zn2CuWO6,0.0
NbF4,0.0
NdGe,0.0
InHgW2,0.0
Na2AgAs,0.8033
TaInSe2,0.0
YAl3Ni,0.0
DyPO4,6.2372
NpCdPt2,0.0
NaCaHg2,0.0
MnCuSb,0.0
K3AsS3,2.5723
SrCrPd2,0.0
TmTlSe2,1.241
TbYb2PrS6,1.1113
Na3MnSiCO7,0.6685
KBe2BO3F2,6.5417
MnBe2Si,0.0
Ti(MoS2)2,0.0
HfBeBi,0.0
LiFeS2,0.0
Ce2ZnHg,0.0
IrRu3,0.0
KHfO3,0.0
Th(Fe2P)2,0.5148
Pr3Ag,0.0
SrCl2,5.4985
Ba4NbSn,0.0
Rb3NiF7,0.6517
Li7IN2,0.0
HoErAg2,0.0
Ba4PdBr,0.0
SmAlCu,0.0
Ga2IrRu,0.0
CeH3(CO2)3,0.0
Ba2AlCu3O8,0.0
CrF2,0.0
HfVSi,0.0
NaNO2,2.4137
Th(CuP)2,0.1462
Mg(C2N3)2,4.6633
K2Se5,0.7252
Mn2Zn3O7,0.6561
Si3Ge,0.0
BaNbSe4,0.0
Ba4GeMo,0.0
Dy2Au,0.0
PrAgSn,0.0
Dy2AlZn,0.0
Mg(BH4)2,6.1607
La2SO2,3.0961
Y(Mg3Al)2,0.0
SrHgO2,2.4672
KRb2FeF6,0.7935
TiInCo2,0.0
Lu4Ge6Ru7,0.0
Sc2BeSb,0.0
RbBiO2,2.1922
HfMoP,0.0
Ba2YSb3O8,0.0
Te2Mo3(SeS)2,0.0
As2S3,2.0584
TbHg2,0.0
CeB2Ir3,0.0
TaCu3Se4,1.5866
LiCu3,0.0
BaAgSb,0.0
Fe3Pd,0.0
CaGeN2,2.8928
K2Cd2O3,0.7431
Th(SiRu)2,0.0
Be3Ir,0.0
InP3,0.0
NaHo3,0.0
SrAcTl2,0.0
Sr2Co(ClO)2,0.0
Li2Ni3OF6,0.7138
NaCu2(HSe)2,0.0
Na2NiO3,0.6992
TlCr5Se8,0.0
Sr2PdO3,0.2539
Hf(FeGe)6,0.0
NiI,0.0
CN,4.4774
NaLiHg2,0.0
Lu4Ge6Rh7,0.0
S5N5Cl,1.5381
Pr3Pb,0.0
NaYbSe2,0.0
Ba4LiOs,0.0
CdC,0.0
BaPd2,0.0
Zr2BeW,0.0
CuPt,0.0
HoNi4B,0.0
KSn2Br5,2.3501
Er2TeO2,0.6435
YAlSi,0.0
PmBiPd2,0.0
TiI4,0.8845
Na5InO4,1.9366
Y(BO2)3,5.5991
DyCo2,0.0
KMoPClO5,0.5259
CaBeGe,0.0
Tl3Si,0.0
SmBiAu2,0.0
Mn2N,0.0
K3Mo2BrO7,3.0238
InSnBr3,1.305
TbInPt4,0.0
NbBr2O,0.7674
ZrBeNi4,0.0
TiAl,0.0
Na2BeHg,0.0
BiSb2Os,0.0
BaSbAu,0.0
YbAs,0.0
UGe3,0.0
InP,0.3752
Sc3Pb,0.0
Ba4TeMo,0.0
Pr4Ge3,0.0
NaMgF3,7.1519
SiPdO3,0.0
UGe2,0.0
VSnPt,0.0
Rb2Ti(CuS2)2,1.7248
Nd(CoGe)2,0.0
La4BeTc,0.0
Ca2PdAu,0.0
TlSe,0.0
MgZrHg2,0.0
LiTmPd2,0.0
Y2CuPt,0.0
SrHg2,0.0
Be2CdPb,0.0
Sc2BeRe,0.0
BeIrOs2,0.0
KTeAu,0.0
TaMn2Si,0.0
Ba4InTc,0.0
CaTe,0.1215
Yb(Mo3S4)2,0.0
BePW2,0.0
YBeNb,0.0
ErGePt,0.0
LuAs,0.0
KCuF3,0.0
KAlSiO4,4.7497
Ba4YCd,0.0
CeN,0.0
KBaHg2,0.0
HfBeNb2,0.0
Ce2CdSe4,0.0
KBe2Co,0.0
Ca(CoP)2,0.0
NbRhO4,0.8539
GaBr3,2.9819
BaCaBr2,0.0
Ac3Th,0.0
HgSeO3,2.3066
BeCrHg,0.0
TlF3,1.2414
Mg(BiO2)2,1.0258
Li2Zr2O5,3.9221
Ba2Zn3(AsO)2,0.2559
Ba4ZrCd,0.0
MnNbAs,0.0
HfPaTc2,0.0
LiV(OF)2,1.7854
Li2FeF6,0.0
BaHg3,0.0
ZrCoSb,0.0
K2O2,2.3048
Sr4Ti3,1.8429
Al2CuCl8,0.5566
KMgF3,7.682
RbV(IO4)2,2.5773
HfGeTe4,0.3824
Co(TePd)2,0.0
BePb4W,0.0
Be2ReRu,0.0
Li2PmSn,0.0
FePO4,1.0695
CdAg2Au,0.0
Li3Mn4VO8,0.0
HoCuO2,2.7389
FeP,0.0
Yb2TlPb,0.0
BaTiO3,2.2822
BeGaBr,0.0
HoErRu2,0.0
YBeW4,0.0
MgSn(BO3)2,3.871
MnBeSb2,0.0
Y3GaO6,3.8698
YbMgNiH4,1.9596
TaBeSi,0.0
CaBiB,0.0998
NaCaFe2(Si2O)2,0.0
NdCuO2,2.4749
CaPdF6,2.17
Y2NCl3,2.1139
Pr(Al2Cu)4,0.0
U3Te4,0.0
BeVCl4,0.0
CaCr(SiO3)2,0.0
KRuO3,0.0
Li4Mn7(OF2)2,0.6873
Tm2In,0.0
Mn3FeO8,0.0
Ho3Lu,0.0
Ba2YSe,0.0
RbAg3Te2,0.0
Ba2LiB5,5.047
SrTiO3,1.9061
CuAgS,0.6612
Er2Mg,0.0
Y3Au2,0.0
TmO3,0.0
NbCoP,0.0
Ba2Ti2CuF4,1.047
Np3Al,0.0
Zn(GaS2)2,1.9013
Bi2PO6,0.0
BeZnPt4,0.0
PaP2,0.0
NaYAu2,0.0
Ba4ZnCd,0.0
LiSiAg2,0.0
Sc2GaHg,0.0
Li3Pb,0.0
Be2NbTc,0.0
Nd(CoB)2,0.0
LiMn2O3F,0.0
K2MgCl4,5.1035
H8Pd(NCl3)2,1.0855
CuBr2,0.0
CeSnAu2,0.0
LiSmAu2,0.0
Li3CrClO4,2.3635
Mg2H4Ru,0.9858
TaSe2,0.0
BaMn2Hg,0.0
Rb2Ag2GeS4,1.8780000000000001
TbYHg2,0.0
CoReO4,0.0
BaHgSb,0.0
VSnRh2,0.0
Li2NbF6,0.0
SbOF3,1.8103
Sr2BeSb,0.0
LiZnAs,0.541
TbZrSb,0.0
MnB4,0.0
TiCo5O2,0.0
YRe2,0.0
ZrBe2Br,0.0
BaTlBi,0.5055
Ba2TiSe,0.0
Rb4YbI6,3.8676
VSnPd,0.0
GaCoRh2,0.0
LiMnBO4,0.6814
Na3Cl2,0.0
Ba3V2O8,3.6203
Tc2AsIr,0.0
Ba2TlNi2O7,0.0
Sr2LiCoN2,0.2687
MnBe2Rh,0.0
K2PtC2,1.0065
MgO6,4.8992
Dy2ZnGa,0.0
BCl(OF2)2,2.1268
LiMn3CrO8,0.0
Sc2InNi2,0.0
Sm2In,0.0
CrTe4Au,0.0
Hf2AlMo,0.0
CdRhO3,0.0
ZnPS3,2.0666
ThSnPt,0.6392
Ba4ScPb,0.0
Yb3In,0.0
BaSn2Pb,0.0
LiSiBiO4,3.3654
SrUS2,0.0
Rb3Ag,0.0
Be2TcGe,0.0
CdBiSe2Br,1.4214
BeVMo,0.0
BeBiW2,0.0
BaSnW2,0.0
US,0.0
Na2US3,0.0
Sr2SmCu3(PbO4)2,0.0
Li2SiNiO4,0.1264
Zr(MoO4)2,2.8374
Be2GaTe,0.0
CaPrCd2,0.0
In2O3,1.1952
Li2AgAu,0.0
NdNbO4,3.6135
BeCd4In,0.0
Li4BeTc,0.0
Sr2H3I,2.3456
Ba(MnGe)2,0.0
Li4Co3O3F4,0.0
RbCaCl3,5.2222
TbCl3,3.5810000000000004
YV(WO4)2,0.0
Mn3NiN,0.0
BaYPt2,0.0
PrGa3,0.0
HfBeCl,0.0
Ho2CuRu,0.0
BeTlTc4,0.0
KZnAs,0.2246
Zr(Ni2As)2,0.0
SrMnBi2,0.0
Mn3As,0.0
BeNiSe,0.0
LiBr,5.1457
HoSe2,0.0
Ba2MnZn2(AsO)2,0.0
VP2,0.0
Er(CuGe)2,0.0
Be2ZnTe,0.0
Na2SO4,0.0
CoO2,0.0
Ca(NiB3)2,0.0
TlInSe2,0.9733
Th2Fe2Si2C,0.0
LuMgHg2,0.0
SmTiGe,0.0
Br3N,0.0
OsRu3,0.0
VSn2,0.0
Li2Cr3NiO8,0.0
Rb2NaGaF6,6.3274
Be(BC)2,0.4726
Li6Fe(O2F)2,1.1296
Ta2BeTl,0.0
LiCu2Si,0.0
LaOsN3,0.0
KAs4IO6,2.547
Ba4BeV,0.0
La2ZnIr,0.0
TiNCl,0.6081
AlICl6,2.1337
K2Sr(Nb3Cl4)2,1.0471
SrLuCuS3,1.4579
Li2FeNiO4,0.0
UH3,0.0
PrMg2,0.0
Sr3TeO6,3.3578
KO3,0.4978
GaSb,0.0
CaS,2.3466
YRh3C,0.0
Sb2Os,0.4397
PrW3,0.0
K2MnF6,2.4499
TcF6,0.0
BeTeIr4,0.0
Pm2AgGe,0.0
TbSiPt,0.0
ZrBeSi2,0.0
Li5SiP3,1.2863
Ba4ZnSi,0.0
YHfPd2,0.0
BaMn2Ga,0.0
BeGeTe2,0.0
ScBeP4,0.0
OsPtCl2,0.0
BaSc4Fe,0.0
TiBe2Sb,0.0
Ce2Th2O7,0.0
Ba3Nb2CoO9,0.0
SmInCu2,0.0
ErS2,0.0
Na7Al3O8,3.062
Al2OsPd,0.0
TbNiC2,0.0
P3Au2,0.0
MgCdHg2,0.0
Na3Ca2TaO6,4.2528
NbAlRu2,0.0
ErLu3,0.0
Zn(RhO2)2,1.0797
MgPd2Au,0.0
HoN,0.0
Sm5AgS8,1.6206
HoInAg2,0.0
TlCl,2.7242
SbPt7,0.0
Li3Fe5O2,0.0
NaMg3,0.0
Co2Ge,0.0
UFeGe,0.0
CrAgTe2,0.0
Sm4Sn3,0.0
Mg(SbO3)2,1.5322
CaTi(SiO3)2,0.0
Fe2AsCl,0.0
CaRuO3,0.0
Ga2CoS4,0.4155
Ba2MnSn,0.0
P2S7,1.7543
InGaTe2,0.0
NbP,0.0
Sr2BeZn,0.0
NaSi2BH2O7,4.1801
LiV3Co,0.0
Pr2Co2I,0.0
NaAgO2,0.6682
Tb2MgPd2,0.0
YNiP,0.5798
V2ReRu,0.0
MgBeIn,0.0
SrCaMg2,0.0
TiZnO3,3.0460000000000003
Th3As4,0.334
Sr(ClO2)2,2.4195
RbYbO3,0.0
YbAg2,0.0
LiP(HO)2,5.1881
TbCu5,0.0
MoPCl9,0.0
AsPd2Rh,0.0
Ba2PrRuO6,0.0
K2Be2O3,3.6863
NiSb,0.0
MnB,0.0
RbTbO3,0.0
BeTcHg2,0.0
TaCl5,2.6548
NaMoO2,0.0
ErB2Ru,0.0
Er3Ni7B2,0.0
YInAu2,0.0
SF6,6.045
PrZn(BiO3)2,0.0
As3W,0.0
YbAgSb,0.0
FeHO2,0.0
MgBe3,0.0
Na2Zn(H2Se)2,3.2872
Er3Sb4Au3,0.6126
Be2FeGe,0.0
Li2CoNiO4,0.0
Na6Mg2C4SO6,4.7410000000000005
Sc2Al3Ru,0.0
Hf2InC,0.0
NdScGe,0.0
BeSi2Pb,0.0
Li2AlRh,0.0
SrBrF,5.2929
Rb2In4O7,1.6554
Rb3YF6,5.1264
CaTiO2,0.0
PrMgNi4,0.0
Cr2NiS4,0.0
Li2AcSn,0.0
HW,0.0
Mg3Au,0.0
Ti2GaNi,0.0
Be2ZnRu,0.0
ScZnCu2,0.0
RbNd2CuS4,0.9595
Sr2BeNi,0.0
SmBS3,2.4308
ErTiSi,0.0
PbCClO2,2.9104
Co3SnO8,0.0219
KNa(BH4)2,6.3864
BaTlSn,0.0
FeNiMo,0.0
SrBe2Cd,0.0
Li5Ni5(SnO)2,0.0
Dy3TaO7,3.4617
Zr2SN2,0.8611
Na3Cl,0.0
YRe(WO4)2,0.0
Er2IrRh,0.0
CoW,0.0
K2H4Pd,2.872
Nb2WSe6,0.0
ThNb4O2,1.3455
TaMn2O3,0.0
InPF3,0.0
Cr3GaN,0.0
ZnSb3,0.0
LuB4Ru,0.0
K2BaGa,0.0
PmAg2Sn,0.0
LaSbPt,0.0
YZn2Au,0.0
LuSiIr,0.0
LuSiRu,0.0
BeFeHg2,0.0
MgInPd2,0.0
Sc2TlC,0.0
Ti(GaO2)4,2.4331
Na6SbO5,0.0
MgSc2Ru,0.0
TmNiC2,0.0
Mn5O7F,0.0
Li4Fe3CoO8,0.0
YbNiH3,0.0
Ti2FeSe4,0.0
V3Sb2,0.0
LiSnRh2,0.0
LiVPO4,0.8134
K2BeFe,0.0
Li3Mn5OF,1.5568
CrCoGe,0.0
ThBi,0.0
PrCo5,0.0
Mg2CoIrO6,0.0
YbBi2ClO4,0.0
Sr2CaMoO6,2.0977
Li3(CuO)4,0.0
TbO3,0.1347
Hf3Sb,0.0
Rb2Si3SnO9,4.134
BeNi4Ru,0.0
TiCr2,0.0
La(CoGe)2,0.0
Na2Cu2Si4O,0.4022
Be2NbRu,0.0
Li3Ti4O8,0.0
As2Ir,0.8454
YAsPt,0.0
RhC,0.0
U(FeP)2,0.0
Pr2InAg,0.0
SrZn2,0.0
Li2NbO3,0.0
Li2HN,2.9078
NaBrO3,4.4533
CaTiO3,2.3086
Ba4CoPd,0.0
Ce3Y4O2,1.6811
RbNa2AuO2,2.3476
Be2CrGe,0.0
LiAc2Si,0.0
Na2TlCd,0.0
Na2SO4,5.4667
Zr6CCl4,1.2834
H4BrN,4.3683
NiPb,0.0
BaNd2PdO5,2.3394
Na2SiO3,4.147
VCl3O,2.4252
Ac2SnHg,0.0
SnC2(SN)2,2.479
Ba3N,0.0
Dy3InC,0.0
HfBe2Rh,0.0
RbS,0.0
TmNi2Sn,0.0
BaSi2Rh,0.0
DyCuSb2,0.0
SmAl3Pd2,0.0
ScAlCu2,0.0
Mn4FeO8,0.0
Yb2ZnRh,0.0
Fe3S4,0.0
Be2TeCl,0.0
TmInPt,0.0
SmGaO3,2.8989
SbSBr,1.7096
NiH4C2(S2N)2,1.2473
K2Si3SnO9,4.0797
Ca(Ni2Sn)2,0.0
RbBr,4.4359
Bi2SeO2,0.5129
SmSe,0.0
MnBePd2,0.0
La(NiSn)2,0.0
Cu2Te2Cl2O5,0.0
YSn3,0.0
Mg(IO3)2,3.165
NbFeB,0.0
AsH3CNOF9,4.5286
HfGaIr2,0.0
MnBe2Fe,0.0
ScB2,0.0
ErSb,0.0
Li2VO2,0.3413
Na6MgO4,2.2765
RhCl2,0.0
Sm2TlZn,0.0
Rb2NaBiCl6,3.8093
BaTa2Se,0.0
UIN,0.0
KPO3,5.1694
CoSbS,0.0
Zn(CrS2)2,0.0
Dy(BC)2,0.0
SrBiBrO2,3.2326
BeRu2W,0.0
Mn5(FeO2)3,0.0
BaSnPb,0.0
MnCo2Si,0.0
Nd4Bi3,0.0
Ti2BeGa,0.0
BaSrTi2,0.0
CuSnRh2,0.0
VFeO4,0.0
Li3Co2NiO6,0.0
Fe(HO)2,0.75
Be2SbSe,0.0
AlVFe2,0.0
LiSnPd2,0.0
Rb2LiGaF6,6.4227
Be2NiPb,0.0
TiMn2O4,0.0
BaMgNi2,0.0
Be2BiCl,0.0
SmErHg2,0.0
HoHO2,4.2573
Li2TiCuO4,0.0969
PmTlTe2,0.1564
Co(CO)4,0.0
SrH2O3,3.4276
Li(CuO2)2,0.0
BaMgSe4,0.0
YAlPd,0.0
ScAg(PS3)2,1.8989
Mg(FeO2)2,0.0
Li3SmSb2,0.0
FeCoSn,0.0
CoH9(CN2)3,2.6283
Li4CuF7,0.1278
CaIn2O4,2.1887
La2Pt2O7,0.9818
BaZrTe2,0.0
NaLi2PO4,5.6192
TiO,0.0
Tb(CoB3)2,0.0
Be2VCl,0.1455
TiNbS4,0.0
BeGe4Te,0.0
DySCl,2.7221
RbMnF3,1.6427
Na2O,2.2139
InPt3C,0.0
TaAgO3,1.8552
CeFeGe3,0.0
LiCoSnO4,0.0
DyCu,0.0
K3AuSe2,2.1886
Li8Cr3SbO2,0.0
BeCu4Re,0.0
BaSnHg,0.0
Be2TeP,0.0
Ga3Fe,0.5247
Sc2TlAg,0.0
FeMoClO4,0.0
BeHgPd,0.0
YInPd2,0.0
LaZn,0.0
Te3Mo2Se,0.35100000000000003
LiBeBr4,0.0
PdN2,0.0
PmSn3,0.0
ZnP2,0.0
BeOsBr2,0.0
TiBeSe2,0.0
KIO3,0.0
Sm3CuGeS7,1.7803
TaAsRh2,0.0
LuSF,2.4467
Ag3O,0.0
Y2BeGe,0.0
K(In3Au2)2,0.0
Cr2CoTe4,0.0
NaTl2Cd,0.0
TiBeRh2,0.0
CaPt5,0.0
YAgO3,0.0
Dy5SbAu2,0.0
Li6Br3N,2.5186
TmIO,3.4302
CIF3,3.3886
ScCoO3,0.5356
KH4O2F,5.3323
Ba2YMn,0.0
Sr2Mn3(AsO)2,0.0
BeGaCu,0.0
BaYTl,0.0
BaNbBr,0.0
BeIn4Tc,0.0
Cu2Sb4S3,0.0
LiCdHg2,0.0
CoB3Mo,0.0
BrCl,1.6368
TmMg5,0.0
KLi2Be,0.0
BeSn2Se,0.0
KFe(SO4)2,0.0
Be2BiPb,0.0
SrH4O3,4.5457
CaCdPd2,0.0
Pr(GeRu)2,0.0
CaNiO2,0.027000000000000003
Ba2LaReO6,0.0
YbGaPd2,0.0
Mn3Sb,0.0
Be2CuMo,0.0
Li2NdIn,0.0
NiPt,0.0
BeTc2Os,0.0
Na2HgTe,0.9078
BaNpO3,0.0
In2CuO4,0.0
BeCoPt,0.0
Li3ZrNb(TeO)2,2.1066
Ho2C3,0.0
BaCdBi,0.0
ScAuO2,1.9153
Pm3Pb,0.0
UF5,0.8455
PuNi,0.0
LaAlO3,3.4956
Cu2Te,0.0
CaIn2,0.0
Nd3U(ClO2)3,1.5824
Ba4HfP,0.0
TlCd(NO2)3,0.0
YbCoB4,0.0
Ba4GeRu,0.0
Al2(BiO3)3,0.0
Ho2TeO6,2.6665
Ba4NbBi,0.0
MgWF6,6.0235
YNiSb,0.2739
GaAgSe2,0.2097
Pr2MgNi2,0.0
Mo3N2,0.0
LiCo2Si,0.0
RbVSe2,0.0
InPd3,0.0
Ba4SbMo,0.0
ThSnRu2,0.0
MgP,0.0
Sr2UZnO6,1.9679
TbB2C,0.0
RbNdSe2,1.8635
Ho6CoBi2,0.0
Dy4InRh,0.0
Mo3W(SeS)4,0.723
IF7,1.5121
Mg3W,0.0
ScAlPt2,0.0
Li2HgBi,0.0
CuBS2,1.8718
KGaS2,2.6416
BaClF,5.4153
DyMgCd2,0.0
NiSnF6,0.0
KNO2,2.4538
K2FeNi(CN)6,1.6912
TiO,0.0
BiTeIr,0.0
Tl3SbS4,1.3445
Na2HgSb,0.0
Li2NdAs2,0.0
Mg3TcH7,2.6406
NbNiB,0.0
Ba4SbRh,0.0
Al2CrCl8,0.6892
RbTa(CuSe2)2,1.7331
NaMgBe,0.0
Al6Tc,0.0
HfBeRu,0.0
BeCo4Se,0.0
U(SiIr)2,0.0
Ba4MgNb,0.0
DyTlTe2,0.6729
BeZnTc,0.0
CeSb,0.0
LuPt3,0.0
FeBiO3,0.0
Hg2P3Br,0.9577
BaGe2Br,0.0
TmTc2W,0.0
Mg4BeRe,0.0
K3ScSi2O7,3.5473
AlVOs2,0.0
NbGeIr,0.0
LiGeBO4,2.8082
BeSeBr4,0.0
LiDyS2,1.9973
AsPtRh2,0.0
LiAlAg2,0.0
HfNiSn,0.0
Ba2CdPb,0.0
K3Na(MoO4)2,4.384
Ba(InTe2)2,1.0183
K3Sn,0.0
TiAlRu2,0.0
Ba(NiB3)2,0.0
Y2S2O,2.5674
Ba2TlHg,0.0
LiNd2IrO6,0.0
Li2V2S5,0.128
ZrV2As,0.0
BeNbSi,0.0
LiCu(PO3)2,1.8603
HfPtPb,0.0
Er(SiPt)2,0.0
RbTl(SO4)2,2.0738
Mn3Si,0.0
Ca3(CoO3)2,0.3048
Ba3N2,0.0
SbS2,0.0
Ba4HoRu3O2,0.0
Ba2Y(CuO2)4,0.0
TmPPt,0.0
MgRu2W,0.0
Dy2Bi2O7,0.0
CeFe2,0.0
MgV2O4,0.0
Sm3AuO6,1.8659
Cd4SF6,0.8326
BaInSn,0.0
TlSe,0.2562
Zr2Cd,0.0
Li2AlPCO7,5.8208
MoH,0.0
Cd4(B2O)3,2.5049
Ta2BeTl,0.0
Ho2ZnIn,0.0
RuCl2O,0.0
Sm3Np,0.0
TcMo2As,0.0
Mg(MnS2)4,0.0
Ti3AlN,0.0
Hg3AsS4Cl,1.3336
Ca4Al6WO6,1.1529
TmB4Rh,0.0
Zn(PtO2)3,0.4776
Sr4CaCr2(SO3)2,0.4759
BeGeOs2,0.0
YSbRh2,0.0
Sr3(AlGe2)2,0.0
Li2FeF4,0.0
Li2PmTl,0.0
EuTlS2,2.0238
YTl3,0.0
LiBePt,0.0
Ba2TlCo2O7,0.0
InCl,1.5928
Ca3Co2Ge3O2,0.9857
NbBr5,1.472
Ca2ZnGa,0.0
Zr3GeO8,4.1427
TeMoWSe3,0.6316
Mg3Ir,0.0
PuIrO3,0.0
K3Mo2Cl9,0.6781
ScBeBi,0.0
Ca4BePt,0.0
KErO3,0.0
Ti2Si,0.0
LiAuS,1.5258
AsRu2Cl,0.0
ZrN,0.0
MgNb2,0.0
ThHg2,0.0
WN2,0.0
Fe(WO4)2,0.0
Sc2BeTe,0.0
Pm3Ge,0.0
LiLuAu2,0.0
TaNO,0.0
Mg2As2O7,3.3379
PrBO3,4.7504
Li3Cr3CoO8,0.0
CaMgAsO4F,4.2185
ErSnPt2,0.0
BaVBr2,0.0
TiAsP2,0.0
LiBePb2,0.0
BeTcPt2,0.0
U2SeN2,0.0
CrAuO2,0.6625
CaCeHg2,0.0
SrSiPd,0.0
Nd2UTe4,0.0
Tb3(MnGe)4,0.0
MnZnO3,0.0
FeSeBr7,0.8588
MgFePO5,0.0
U4As6Ru7,0.0
LiCd2Hg,0.0
Ca(FeS2)2,0.0
BaYCuBiO5,0.0
Tm2IrRh,0.0
Ti2AlCo,0.0
GePbO3,0.0
TmHfRu2,0.0
BaHBr,3.4169
RbC,3.7127
NaNiAsO4,1.0036
Tl3H,0.0
Sm(CoSi)2,0.0
LiGaCl4,4.2875
Be2ZnHg,0.0
PrPt2,0.0
YbTlSe2,0.0
LuGa,0.0
Sc2NiIr,0.0
In6Ge2PtO9,1.4674
LiTi2O4,0.0
Tm3Ga,0.0
BaZnGe,0.0
Ru3W,0.0
Li3Mn4NiO8,0.0
BiSeCl,1.867
HoZn,0.0
Ba2LiReN4,1.8294
BaPAu,0.0
TiBeBi2,0.0
BaSn2Se,0.0
Ho(MnSi)2,0.0
Fe3Pb4ClO8,0.0
BaSrIn2,0.0
Tl6S,0.0
Si3Mo,0.0
PrGe,0.0
Be2InBi,0.0
UNi5,0.0
TbAu,0.0
HfMoSe,0.0
LiMnCo3O8,0.0
Be2NbCu,0.0
Tl2SnHgTe4,0.0
DyHg3,0.0
BeCoPt2,0.0
ZrBeIn,0.0
Al3Ga,0.0
Tb3BWO9,3.2791
ErCrB4,0.2691
Li3In2,0.0
CePd3,0.0
DyNiO3,0.0
KCrCl3,0.0
Y2CuRu,0.0
TePb2O5,2.2298
BeVFe,0.0
KMn2O4,0.0
Ba4VSi,0.0
TaOsPb,0.0
CaTi2S5,0.8187
Tb3CuSiS7,1.8314
Li2Ni3TeO8,0.127
SrSi,0.0
Be2CrIr,0.0
CrOF,0.0
Yb(NiGe)2,0.0
Tb3(MnC3)2,0.0
KBaGe,0.0
Tl6SBr4,1.7217
Re3Si,0.0
SmCuSeF,0.0
Bi2Pt,0.0
Li2Cu2F7,0.0
Tb(SiPd)2,0.0
Te2Br,0.1522
Al2SiO5,4.9771
SrTiSi2O7,3.6622
BeCdSn2,0.0
NdCu,0.0
LiAg2Sn,0.0
CaBiCO4F,1.315
LiFe2F7,0.0
ThFe2,0.0
Zn2NiWO6,0.0
Pd2Cl2O,0.7959
InTeClO3,3.1153
Er2Zr2O7,2.9843
BaCd2Te,0.0
Ni2HgAs,0.0
CeRh3,0.0
BaCdBr,0.0
NdAg,0.0
Sc6Al6Ir7,0.0
Ca2Cu,0.0
BaAsPt,0.0
TmAl7Au3,0.0
YbAu2,0.0
HoBPd3,0.0
NaSrBe2,0.0
Y(GeRh)2,0.0
ScAlIr2,0.0
NdDyMg2,0.0
BeCdCl2,0.0
CrSb2,0.0
Zn2CuIr,0.0
Ti3In4,0.0
Ba4NiP,0.0
Ho2O3,4.0942
Yb3Zr,0.0
K3VS4,1.5483
TbCdRh2,0.0
PrRh3C,0.0
Fe2CoGe,0.0
TmBi2BrO4,1.5286
Sc2OsAu,0.0
TmCuS2,1.7955
Ca(ZnP)2,0.9064
BeGaPt,0.0
YInAu,0.0
BaSnSe,0.0
SrZnSb2,0.0
RbClO3,5.1826
Li(FeO2)3,0.0
K2Se,2.171
Sr4Al6SO6,4.5791
Ba4CoSi,0.0
Li2VOF3,0.0818
Si3N2,0.2656
Ba4TaIr,0.0
Ba4YCo,0.0
KHgF3,0.5086
Ce(SiAu2)2,0.0
BaY2NiO5,0.0
Pr(AlZn)2,0.0
Ba6Ru3(ClO)2,0.0
CuPt7,0.0
Th(NiGe)2,0.0
Ca2N,0.0
Sn(WO4)2,0.9815
Fe(BO2)2,0.0
NdTh3,0.0
Be2MoCl,0.0
Ti3O2,0.0
Mn3Ga,0.0
BeRe2Mo,0.0
RbAs,0.6763
MgBeTe2,0.0
HgRuO3,0.0
MgCrF6,0.0
Ba4BeMo,0.0
CeCdHg2,0.0
Rb2MgCl4,5.0786
Pd(PbCl3)2,1.3628
BeMoRh,0.0
Ba2InBiS5,1.4185
HfMgAu2,0.0
YbSiIr,0.0
Ba4CdBi,0.0
CrNi2,0.0
NaDyTl2,0.0
YSF,2.5751
BaP2(HO)4,5.2406
Dy3BWO9,3.2725
BaNa2Mn,0.0
Hg2BrN,0.8826
YBe2Se,0.0
Sr(AlTe2)2,1.7816
BaPrO3,0.0
Sr2Pb3,0.0
ThTeO,0.4474
BeCoOs,0.0
BeCrTc,0.0
Y2Zn7,0.0
SmTmRu2,0.0
Sc2TaBe,0.0
PbS2,0.3255
Sm(NiP)2,0.0
BePRh,0.0
K2NaTiOF5,3.9243
LiLuO2,4.8904
TbInAu,0.0
YLuMg2,0.0
MnCuP,0.0
Nb3TeCl7,0.6979
Sr(Mo3S4)2,0.0
HoSI,2.5698
YZrBe2,0.0
TlGeBr3,1.0117
Li(CrS2)2,0.0
Sr(MgAs)2,1.4632
BeSnAs,0.0
BaSO2,1.7445
PaInCu2,0.0
Ba2TlCd,0.0
B4Rh5,0.0
BeS,3.3955
CaTi2O5,2.7724
Rb3Sn,0.0
NdPbAu2,0.0
CaHoRh2,0.0
Ba4SnPt,0.0
YOF,5.237
Y2ZnSe4,0.307
BaTaCuO5,0.0
NdAg2,0.0
YSi2Ru3,0.0
Ho(PRu)2,0.0
U(SiPt)2,0.0
Y2Zr2O7,2.965
KHfCuS3,0.8066
Rb2PtCl6,1.7163
VO2F,2.5261
NiSeO3,0.5345
Sc2BeBr,0.0
LiTiP2O7,0.0
Mn2ZnS4,0.0
BeHgIr,0.0
YbHg2,0.0
NbGaNi2,0.0
PrSb2Pd,0.0
YMn3Se2ClO8,0.0
Ti2ZnRe,0.0
CeInAu2,0.0
Sr3LiRuO6,0.3579
AlV2O4,0.0
DyBi2ClO4,1.4111
LiCdAs,0.0
MnPH2CO6,1.5489
Pa3Ge,0.0
Yb(GePd)2,0.0
Ba2CrIn,0.0
MnBi,0.0
TbTe2,0.0
Y2FeB,0.0
ScBe2Mo,0.0
TaAlRu2,0.0
Dy5Ge3B,0.0
Ca2Si,0.6401
PrInAu,0.0
K2NaAlP2,1.7084
Nb3S4,0.0
SmAg3,0.0
BeZnRu4,0.0
HoPd,0.0
TaNiGe,0.0
Na5Li3Ti5O4,3.125
Li6MnFeP2(CO2)2,0.1301
K3Re,0.0
Ba4InSe,0.0
Sr2HgSb,0.0
LiCuTeO4,0.0
BeBi2Ir,0.0
ZrSnTe,0.0
NdTlSe2,1.2199
Li4Fe2SiO7,0.0405
KAuSe5,1.0102
Li2Ti2V3,0.0
Ba3NaRuO6,0.5094
In2Ni3S2,0.0
BaPd5,0.0
Na2MgH4(SO4)2,5.1932
Ba2ZnCd,0.0
BeTl2Se,0.0
Li3Al(BO3)2,5.2682
CrGaCo2,0.0
SrPd3O4,0.0
Li7VO5F,0.4348
Nb3B3C,0.0
Pr2Br5,0.0
Mg2BeIn,0.0
Be2BiW,0.0
Te2AuI,0.0
CaYBe2,0.0
Sr2PAu,0.4601
Ba(PdO2)2,0.0
Li4Mn3WO8,0.0
ThSbTe,0.0
LiHoSn2,0.0
Li2AgF3,2.1621
Na5CuSO2,1.6732
BeInW2,0.0
Li3MnF6,0.3303
SiB4,0.0
ErSe2,0.0
TaTiFe2,0.0
MgBeMo2,0.0
SrCu2O3,0.0
HfMnBe,0.0
Al(HO)3,4.7546
Zr3N4,1.1242
La3TlC,0.0
KPS3,1.6167
BeMoRh2,0.0
Tm2MgIr,0.0
TaBe2Ru,0.0
ZrTaBe2,0.0
YbBO3,0.0
MoF3,0.3221
Tb2FeSi2,0.0
Mn3O5F,0.0
CaHN,2.5034
Ba2GaP4HO4,5.4537
Dy2Zr2O7,2.8946
SmEr3,0.0
ReAsCl,0.0
Y2Fe2O7,0.0
ScVRu2,0.0
YBe2Cd,0.0
BaTiO3,0.0
DyYCd2,0.0
Na3GaS3,2.888
ErTl,0.0
TmSnAu,0.0397
Sr2CdSn,0.0
Mn2Au,0.0
MnF2,0.0
LaPd3C,0.0
NaTeAu,0.0
LiZnPd2,0.0
Mg3Al8FeSi6,0.0
Sc2TcAg,0.0
Zr2InC,0.0
BeCoRu,0.0
CeOF,0.0
CeIn5Ir,0.0
LiYbPb,0.0
SmGe3,0.0
Na4B2O5,4.0822
MoCl3,0.4320000000000001
H2PbO2,2.5208
Na2(CdSi)3,2.6402
Li2Fe2(CO3)3,0.0
Sr7(HBr)2,3.9232
FeO,0.0
LiBeHg4,0.0
Te3Pt2,0.0
BaYSb2,0.0
Ag3Pd,0.0
Li2P2WO8,0.0
HoTh3,0.0
HfSe3,0.3459
CuHgPd2,0.1012
K2Os(Cl2O)2,1.6054
HfV2As,0.0
CoSnO3,0.0
Li4BeTe,0.0
Al3Ni,0.0
Ac2MgSn,0.0
Na2PdCl4,1.0792
KSr2Be,0.0
Li4TaN3,2.7574
MgBeGa4,0.0
SmTh4,0.0
La3Sn,0.0
LiYS2,0.3955
Y2Pb2O7,1.1018
Pr(HO)3,3.7552
K2O,2.0345
Lu2IrRu,0.0
Si3Ag3(SnP3)2,0.3858
Mg2BeCl,0.0
WSe2,1.3337
Mn3SnC,0.0
Li2TiFeO4,0.2079
TbO2,0.0
Sr3CrN3,0.0
ScBeZn,0.0
SmC6,0.0
KCuF3,0.1016
BeGe2Se,0.0
RbSn2Br5,2.3818
NdBrO2,3.1403
BaTiTe2,0.0
Co2NiO6,0.0
LuGeIr,0.0
RbGeBiS4,1.8526
Yb(MgSb)2,0.7913
TmHfCo2,0.0
TbGePt,0.0
HoPd2,0.0
Ba3BAsO3,1.3978
Li2MnO3,1.3755
MgAl2O4,5.6345
Ce2Mo2C3,0.0
Li2MnCSO7,2.2372
VPO5,1.5297
Be2VNi,0.0
ZrAu2,0.0
Rb3TaS4,2.8229
Ba4ScCd,0.0
LaBe2Mo,0.0
PmDyRu2,0.0
K3SiTe3,1.7930000000000001
TaMnBe2,0.0
SbRh,0.0
B2Au,0.0
Er3SiSe2F,4.1203
Li2CdCl4,3.6292
NaB(CO2)4,3.5221
Be2HgSb,0.0
ZrMo3,0.0
Na2LaBe,0.0
CuH4(IO4)2,0.0
ErTaO4,4.0592
CaAgSb,0.0
ZnPt3,0.0
Ba4TiNb,0.0
Na2SiF6,7.2661
Ta2VZn2O8,0.2359
MgV2O4,0.0
Ca2As2O7,3.5482
BaCd2,0.0
Na2HgBi,0.0
DyMn2,0.0
HoTlS2,1.5443
BeP4Pb,0.0
Ba4SbRu,0.0
NaCeSe2,0.0
BaMnCl2,0.0
Pr2HgPb,0.0
InAsPt5,0.0
Ba2FeGe,0.0
Na5SiP3,1.3731
Nb3Ga2,0.0
BaTaTe,0.0
BaNaIn,0.0
YBePb4,0.0
Rb2TeCl6,2.4477
Rb3Hg,0.0
AcMgCd2,0.0
Er(SiOs)2,0.0
Ba4ZrZn,0.0
Er(SiPd)2,0.0
ErGeAu,0.0
Yb2Ge2Ir,0.0
BaNbS3,0.0
Be2TcCl,0.0
SnSe2,0.4709
KTlO,1.4996
Li4VGa3O8,0.0
Ag2S,0.0
Be2P2O7,6.6702
DyAgHg2,0.0
MgUO4,1.8193
ScOF,4.3423
B6N,5.7187
Be2InSe,0.0
DyNiC2,0.0
V3Ru,0.0
Yb(MnGe)2,0.0
Dy3AlN,0.0
Li2VOF5,2.8823
K2PbO3,1.2655
MnBr2,0.0
NbCrGe,0.0
LiH2N,3.5176
MgCl2O,2.9524
Li2Co3TeO8,0.0
LaMnBe2,0.0
CdO,0.0
Cu2WSe4,0.0
Sc2CuPt,0.0
SrTeO3,3.7465
BePCl2,0.0
Ca4As2O,1.2366
I2O5,2.694
La2PdRu,0.0
Bi4Te3S8,0.3637
NaSrNb2,0.0
Y(SiNi)2,0.0
KBeRh2,0.0
Si2Ni6B,0.0
KBaPb,0.0
As(CN)3,4.5778
Ti2GeC,0.0
LiEr2Rh,0.0
YSi3Ni,0.0
BaZnBi2,0.0
ErNbO4,3.4873
Zn(CuN)2,0.0
Zr3Au,0.0
Na3AlP2,1.4772
Ba4SnGe,0.0
NdPt,0.0
Sm3Sb4Au3,0.5898
Li6VCrP2(CO2)2,0.4601
Sr4MgCr2(SO3)2,0.3407
TmSi,0.0
MnSbRh,0.0
CeTe,0.0
SmGeAu,0.0
TiBe2Cl,0.0
BaC2,1.7911
Be2HgP,0.0
Be2PBr,0.0
NbCrW,0.0
TmAlAg2,0.0
Na3VSO3,2.8386
Ba4NbSi,0.0
TmCo2,0.0
Be2SiTe,0.0
Li6Co6O5F,0.0
Ba2MgUO6,2.1959
AlVRu2,0.0
Ta2Tl3Cu3S8,1.8428
YbPrSe3,0.0
Li(NdSi)2,0.0
Np2InRh2,0.0
RbBiF6,2.5236
BaMgTl,0.0
Li3CoO3,0.0
VCrO4,0.5494
PrRhC2,0.0
Sr3ZnPtO6,2.6482
Pr(AlGa)2,0.0
TlCoO3,0.0
BaSn3Pd,0.0
Be2InPb,0.0
NaV2O4,0.0
LiZrAu2,0.0
Li2PrAs2,0.0
K2HBrO,3.8351
ZnSnO3,0.0
Nd3InN,0.0
BeIr4Se,0.0
Sc2PdRu,0.0
KBeIn2,0.0
CeSmO2,0.0
DyNbRu2,0.0
MnSbSe2Br,0.5926
LiYS2,2.01
LaN,0.0
Nd2TeO2,1.7164
Ba2Cd(B3O)2,4.6611
MgAsW,0.0
Mn2ZnO4,0.0
ZrSeO,0.7964
Ba2TaBiO6,2.7712
Pr(CoAs)2,0.0
LiMn5O3F5,0.0
KSb,0.7237
BaSrY2,0.0
Mn2CoSb,0.0
LuTl3,0.0
Li2Fe3O3F5,0.0
NaLaSe2,2.0842
Dy4CdCo,0.0
Hg3F,0.0
HoRh,0.0
FeH3,0.0
Li8CrFe3O2,0.0
Mn3(O2F)2,0.0
Y3AlNiS7,0.2093
Li2MnCr(PO4)2,0.2135
Hf2BeTc,0.0
VCuO4,0.1326
Ba2ZnReO6,0.0
BaBiBr,0.0
NaBeBr,0.4242
NaPr2RuO6,0.4718
Na3HfF7,6.4176
Sm(SiOs)2,0.0
BaAgP,0.1949
Ni2Hg2OF6,0.0
WO3,0.0
NaBeO2,3.1472
Sc2CdS4,0.9208
ScGe,0.0
NiHg4,0.0
CaSmZn2,0.0
YFe5,0.0
Al2Si(O2F)2,6.1766
Tb2CBr,0.0
Be2NbW,0.0
K(BH)3,4.9163
Ce2Zr2O7,0.0
VSi2,0.0
YCuSi,0.0
PH4I,3.9078
Li3Fe(OF)2,0.0822
TbFe3(B2O)2,0.0
BaNa2Tl,0.0
Tl4V2O7,2.4642
V2ZnS5,0.0
LiTmPt2,0.0
CaV4,0.0
CeCu5,0.0
Li(B3O)2,5.7267
HfGeS,0.0
TiBe2Nb,0.0
P2Ir,0.6208
Tl(CuTe)2,0.0
Yb3PbO,0.0
Ho(CuS)2,0.0
Be2SiP,0.0
BaSrTa2O7,2.2435
BeCuSn,0.0
YbAu,0.0
LiBeCo,0.0
TlGaSe2,0.5941
Ho2CdSe4,0.6159
BPS4,1.932
LiBe2Bi,0.0
ErCuPb,0.0
YbEr3,0.0
CuBr,0.6235
C3N,0.0
Ti4FeBi2,0.0
BaSr(FeO2)4,0.0
HfSnO3,2.4524
BeTl2Co,0.0
Dy(TiGa2)2,0.0
TbGe,0.0
TeAsRu,0.8483
BaTi2Bi,0.0
Ba4InCu,0.0
TaTiBe2,0.0
CdO2,0.0
W3(Se2S)2,0.5259
AgBi2Se3Cl,0.4805
RbAuS,2.1728
Ca4TaBe,0.0
BeAu,0.0
ZnCuAu2,0.0
TlCrS2,0.0579
AgSe,0.0
ErSnRu2,0.0
Zn(CoO2)4,0.0
Pr2In,0.0
Sr2CuBrO2,2.5796
BaSc4Rh,0.0
Ge3(Bi2O)2,3.6146
DyMnO3,0.0
MnSbRu2,0.0
BeGaCo,0.0
Nd(FeSi)2,0.0
Ta3SnS6,0.0
Ho3Sb,0.0
K2AgAs,1.2867
Pr3Ga,0.0
Al6Cd4TeO2,2.6307
Dy5AgS8,1.7135
LiNi(PS3)2,0.0
Be2CdOs,0.0
CdInS2,0.0
Rb2U(Si2O)2,2.6055
Ba2NaTa,0.0
Ba4BiBr,0.0
Ba4FePd,0.0
LiCa2Hg,0.0
MnN,0.0
GdTe,0.0
Pu(SiNi)2,0.0
La3InN,0.0
BeSi2W,0.0
Al3Pd2,0.0
AlCrO4,0.2131
Ga2TeO6,0.9581
V3S4,0.0
MgCuSn,0.0
Ba2NdBiO6,1.855
K2Na4Be2O5,2.7695
Tm2Mn2O7,1.2095
Li6CuB4,0.8833
VP4,0.0
TiVTc2,0.0
Be2Hg2Mo,0.0
CaNi5,0.0
HoRh3C,0.0
BaLiBi2,0.0
KBi2F7,4.4767
Li2Ti3NiO8,0.0
Dy2CdPd2,0.0
ThB2Ir3,0.0
Zn(BIr)2,0.0
NaMn(SiO3)2,0.4802
CrNiO4,0.0
Pr(SiPt)2,0.0
RhSe,0.0
ZnAg,0.0
RbHg(NO2)3,0.0
Er4InIr,0.0
InClO,2.4161
KSmGeSe4,1.5177
PrNiSb,0.0
PdCl2,1.0919
LiZr2Re,0.0
NbB,0.0
LiIr3,0.0
YbNi2,0.0
Al2FeNi,0.0
Yb4Cl6O,5.5418
Ga2BiAs,0.0
BaGaFe2,0.0
Nd2HgO4,2.2949
TiBeZn,0.0
LiDy2Ir,0.0
K5ThF9,6.323
LiCuO,1.5951
Sr2CuO4,0.0
SmNiB4,0.0
Rb2AuBr,3.2848
BeTc2Bi,0.0
CoBMo,0.0
ScSi,0.0
TbMg2,0.0
Ba2InPb,0.0
LiY2Tl,0.0
U2InRh2,0.0
LiZrIr2,0.0
TaPd3,0.0
Li2CuPO4,1.4873
WF5,0.0
ZnCr4O6,0.0
BaCaRu2,0.0
SmC2,0.0
LiV2F7,0.0
Ni4B3,0.0
ScPt3,0.0
Ba4SiBi,0.0
Mg3Co,0.0
NiH2SO5,1.1486
ErAlNi,0.0
Sr(Si3N4)2,3.3369
BeGe2Te,0.0
HfBRh3,0.0
CdPtF6,2.444
MgInAg2,0.0
Ti3Pd5,0.0
Ca5Si3,0.0
SmMg2Ni9,0.0
Li3Mg,0.0
HfIr3,0.0
K2VAgSe4,1.0581
YTlAg2,0.0
Rb2Ni3Se4,0.4873
Ca6In2NF,0.0
TlInCl3,2.1379
ErSi3Ni,0.0
TiSnRh2,0.0
Ni2SbTe2,0.0
Li(BiO2)3,0.0
CaInAu,0.0
BeTlIn4,0.0
MgTiF4,0.7509
Li2FeAsCO7,0.4922
HgS,1.3994
SrTl2,0.0
TbPd3,0.0
VCo,0.0
NdTe2,0.0
CrIr3,0.0
YBrO,3.6471
KRb2YF6,6.8018
Y(FeB)2,0.0
Na3TlO2,2.0459
Ca3(PO4)2,5.6526
Pm2SiAu,0.0
LiBePd2,0.0
Si2NiSe4,0.0
YMnGe,0.0
NaBF4,8.3499
MoPRu,0.0
KInP2S7,2.0213
ThH2,0.0
HgGeO3,0.0
LiNiO2,0.0
Yb5Sn3,0.0
AlN,4.8926
Be2RhSe,0.0
HfBePd,0.0
TeAsOs,0.0
HoCoC2,0.0
PaSe3,0.0
Tb2SbO2,0.0
Mn3ZnN,0.0
NbCoB2,0.0
Na3Hg,0.0
Dy3Fe2Si3,0.0
BeReCl4,0.0
UCoAs2,0.0
BeTlCu4,0.0
Li2NiPO4F,0.8255
MnTlF3,1.4711
Li2PmAl,0.0
HoCdPd2,0.0
WC,0.0
Ca3SnN,0.0
ThPd,0.0
YHfBe2,0.0
TlNiO3,0.0
YbBiAu,0.0
Ni3B,0.0
Eu(MnSb)2,0.0
Sr2YTlFe2O7,0.0
Eu(CoAs)2,0.0
Sm2C3,0.0
Ca(BeAs)2,0.8193
KTa2Be,0.0
Li2CuAs,0.0
Ba4TePt,0.0
CoAgO3,0.0
Be2TlSb,0.0
Ba4NiPb,0.0
Ca2NF,1.9579
LuNi2Sn,0.0
BeGaOs,0.0
W3O8,0.0
CaLaHg2,0.0
LiHg2Pt,0.0
Pd6S7,0.0
RbCdF3,3.269
LiCoPO4,0.0
HfGaPt,0.0
MnBeSi,0.0
In2HgO4,0.0
UCO5,2.4797
Tl2HgGeTe4,0.3103
LiBeZn,0.0
Ba2UMnO6,0.1093
Tl3AsSe3,0.6963
BePb2Se,0.0
V3Sb,0.0
Ba4RePb,0.0
LiBeZn2,0.0
Ba4HgPt,0.0
KSi2Hg,0.0
LiPm2Ir,0.0
TiGaNi2,0.0
AlF3,7.7156
LiBe2Nb,0.0
NaTiS2,0.0
BeCuP,0.0
KLaO2,3.7926
CeMg2Ag,0.0
NiPtF6,0.0
SrFeO3,0.0
ScBIr3,0.0
ZrBeCr,0.0
CaMgTl2,0.0
TlCuHSeO5,0.2532
Ca2CoO3,0.0
UBRh3,0.0
Li2BeCd,0.0
La(SiNi)2,0.0
AcCuO3,0.0
CaCu5,0.0
LiMn2NiO6,0.1636
NaSm2IrO6,0.0
K2SnBr6,0.9325
Ba4InFe,0.0
SrTa2H2O7,2.2278
GaPt,0.0
BaNaMn,0.0
Na2Mn3Cl8,1.7357
NaLuS2,2.4321
NdCuSe2,0.8116
KNbS2,0.8884
U(Ni2P)2,0.0
Tl(CoSe)2,0.0
SrTiBe2,0.0
Li4VF8,0.0
TcAgO4,1.4355
Sr3MnN3,0.0
Na6Sn2S7,2.0226
Fe2RhS4,0.0
Lu2Co3Si5,0.0
K2PdCl4,1.5183
LaBe2Pt,0.0
LiYO2,4.5046
SrClF,5.9498
YbPd2Pb,0.0
YBe2W,0.0
PuOs2,0.0
NdCoC2,0.0
LiAl3Si9(N2O)2,4.1363
BeTl2Cd,0.0
K2NaScF6,7.0373
U3NbSb5,0.0
InAg,0.0
LuSiRh,0.0
NbCl3O,2.3077
TmTe,0.0
Sr2Nb2O7,2.6615
Ta2BeOs,0.0
ErTe,0.0
Tm2NiIr,0.0
K2PtCl4,1.6175
Li8SbS6,0.0
Sm2Te4O,3.3088
Ba2LuRuO6,0.0
AsRu2Au,0.0
Ba4ScP,0.0
Hf2ZnRe,0.0
Y6N2O5,0.0
Th2In,0.0
ZrBiRh,0.0
Tm2MgOs,0.0
BaTcBi,0.0
Be2GaGe,0.0
TbNi,0.0
YbSmZn2,0.0
Zn(NF2)2,1.7177
BaSnHg,0.0
KTa(GeO3)3,3.5413
Li2B4O7,6.1792
RbCaCO3F,4.5257
Sr2YTlCo2O7,0.0
Pb3SO6,2.8758
Sc2ZnRu,0.0
LiBeNi2,0.0
Rb3BP2,1.7117
Zn3Mo2O9,3.0123
Nd3Si2S8Br,2.6835
SmBi2ClO4,1.2787
Er2Au,0.0
LiFeO3,0.3252
KUO3,0.5181
Ca2MgIn,0.0
CrCo3,0.0
Sr2LiMg,0.0
TlC,0.0
Sr6Li2Cr2N8O,1.7551
Li3Fe2(C2O)2,0.0
SmOs2,0.0
Ba2ErNbO6,2.9193
ZrZnN2,2.1425
Ba4GePd,0.0
BeMoBr4,0.0
Cr2SiO4,0.4911
NaSbCl6,1.8604
Si3Se,0.0
Hg3C,0.0
MoSe2,1.2179
TbSe2,0.0
Nb6Co6Ge7,0.0
NaLiY2F8,7.581
Ag2SO4,1.2898
MgBe2Se,0.0
Ce(PRu2)2,0.0
Li2H2Pt,0.0
BeSiP2,0.0
Ca(TiN)2,0.0
Ba3Si2(BO)6,5.7101
Ti2O3,0.0
ScBeW2,0.0
PaAgAu2,0.0
RbPrS2,2.205
Ca4IrO6,0.0
U(SiRh)2,0.0
Ba5Ta2Cl2O9,3.3559
Tm3Th,0.0
Ca2HgPb,0.0
LaF3,7.0362
HoNbO4,3.4904
Al3Pb5F9,4.9413
Tm3AlN,0.0
InAg(PSe3)2,0.4626
K2CrH2F8,0.1773
Cr2HgS4,0.0
DySi,0.0
Rb2NbAgS4,2.2201
FeAg3(CN)6,0.0
AlFe2,0.0
BaCdTe,1.5483
RbGe,0.0
Ba4TiSe,0.0
KBa2Re,0.0
BaCoHg4,0.0
Ca4Cl6O,5.5533
LiCr(SiO3)2,1.7622
TiFe2Ge,0.0
CuN,0.0
RbAuO2,1.5656
ErAu3,0.0
PrPt5,0.0
LiAgTe,0.0
BaTi2O5,1.8812
S2N,1.2996
BeCdSb2,0.0
LiPrO2,3.5502
BeSi2Pd,0.0
Sr2YTlNi2O7,0.0
Na4W(NO)2,1.3642
Be2VRh,0.3724
MnGaCo2,0.0
Ba2NaReO6,1.9413
RbTaO3,4.1474
TmZnPd2,0.0
Nb5(AsPd)4,0.0
LiAlB4,0.0
TaMnRu2,0.0
TiAl2O5,2.9319
MnBe2Pd,0.0
KNaS,2.7721
K3LuSi2O7,3.5257
CuTeO3,0.0
V2OsRu,0.0
NdO2,3.6042
NaLiCO3,4.8984
NdAgSn,0.0
NdPa3,0.0
WF4,0.0
Re3C,0.0
PdS,0.0
BaSrTa,0.0
HoFe5,0.0
Ca2IN,2.4055
Sm(CuO2)2,0.0
AgSb2F2,0.5349
ScReTc2,0.0
RuN2,0.0
LiMnSe2,0.0
PtPb4,0.0
ZnNi3C,0.0
AsN(OF3)2,3.05
InOF,1.5435
Nd3SiAgSe7,1.5075
HgCS(OF)3,3.3618
SnPCl9,2.65
Np3Tl,0.0
HfZn,0.0
ZrH3,0.0
Lu(AlC)3,0.2727
DyFeB4,0.0
Pd(SeBr3)2,1.1899
LiPt2,0.0
Li3Au,0.0
Sr2AuN,0.0
KBeBi,0.0
Ba4YHf,0.0
Sm(FeSi)2,0.0
CaAgBi,0.0
MnBeNi,0.0
CuH2(IN)4,0.8111
BeFeIr2,0.0
Ba4CuSe,0.0
LiNbRu2,0.0
Zn2RhAu,0.0
Mo2H2O7,2.2005
MgPd3,0.0
BaNbCl,0.0
Ba(GaSe2)2,1.7189
Ba4BiRu,0.0
Tb2Tl,0.0
V(HO)2,0.3213
Sm2RuAu,0.0
Pr(AlSi)2,0.0
RbAu3Se2,1.6634
FeTeBr7,0.9056
SF4,1.4985
BaCrBi,0.0
YBeZn,0.0
Ba2YBi,0.0
Li2Ca,0.0
LiAlVO4,0.1801
PaSb2,0.0
TiPN3,0.5905
BaBi2Br,0.0
Ba2MgGa,0.0
BaReSe4,0.0
TmAg,0.0
Ho(FeGe)2,0.0
KIn9Co2,0.0
SrTiO3,1.8143
YbSbPt,0.0
CoTeO3,0.0
NdSiAg,0.0
Ti2Ge,0.0
LuTlSe2,1.1337
Dy3Co6Sn5,0.0
ZnCuNi2,0.0
UO2,0.0
LiYMo3O8,1.3269
Pr3Co,0.0
BeZnO2,2.9715
RuI,0.0
YBPt2,0.0
Mn3(PO4)2,1.7458
AgI,0.6784
ZrMnGe,0.0
NaCdSb,0.0
BaSiCl2,0.0
LiCuCO3,1.8237
Al(CuRe)2,0.0
Li8BiO6,0.0
DyCoC2,0.0
Li5(CoO3)2,0.3406
K2BeTc,0.0
K(PRh)2,0.0
CuSb2H2(O3F4)2,0.9507
NdAgAu2,0.0
Li2SbPd,0.0
Sc7Cl2,0.0
YCoC,0.0
P4PtF2,4.9462
LiAsPt2,0.0
MgCo3C,0.0
GaBi,0.0
Li2DyIn,0.0
Li3AlN2,3.1875
Sr(CuO)2,1.9845
Ca2V2O5,0.0
CdCO3,2.9861
UGeAu,0.0
Ba5Mg8Si3,0.0
HoBRh3,0.0
MnZnF5,0.0
SnRuW,0.0
GaHO2,2.1063
K2PtBr4,1.6061
BeSiTc2,0.0
Ba2YCl7,4.04
Cu3Si,0.0
P2Rh3,0.0
Zn2In2S5,0.0
TiBe2Br,0.0
Sm(BRu)2,0.0
Th(NiSn)2,0.0
LiHf2Re,0.0
YCr3Se2ClO8,0.2027
ScTlRh2,0.0
KBeBr2,0.0
YbRh2Pb,0.0
ThZn4,0.0
Ba4CdGe,0.0
AcYbRh2,0.0
Er2MgAl,0.0
Ba4PdW,0.0
LiErIn2,0.0
ZnCr2O4,0.0
LiTm2Au,0.0
Cu3Se2(ClO3)2,0.0
LiAlPHO5,6.1939
BeCdPd2,0.0
ICl3,1.455
Tm2FeC4,0.0
TaBeV2,0.0
Cd2Ru2O7,0.0
KBS2,2.7133
YBeTl,0.0
PrBiO3,0.0
Ho2Ge6Pd,0.0
Tb2Fe7,0.0
Yb3N2,0.5514
TaS2,0.0
SmZnGa,0.0
BaLiB9O5,5.7026
LiMn3(NiO4)2,0.0
SbAsIr,0.0
UGaNi,0.0
Mg(FeGe)6,0.0
NaTl2Pb,0.0
ZnPPd5,0.0
TaMn2,0.0
ScGa2Ru,0.0
Na3Ca,0.0
Ba(SiNi)2,0.0
NbPS,0.0
Tl3V,0.0
NdHf,0.0
Fe7C3,0.0
Sr2RuO4,0.0
Pr3Cu,0.0
Cu(HO4)2,0.7307
K2NaAs,0.2996
CoP2O7,0.0
SrH2(SeO3)2,4.2432
HoIn5Co,0.0
Ba2CaWO6,0.5691
NdClO,4.7207
Ba4ScHg,0.0
Sc2TcPd,0.0
Rb2Fe4O7,0.0
AsS2NF6,2.4437
Ba4VHg,0.0
BaCuP,0.0
Ba2YHf,0.0
RbMgBO3,4.6781
CoNiSb,0.0
HfSnRu2,0.0
Ca2As,0.0
Al2FeO4,0.0
Ba2NaSn,0.0
K4Hf5O2,3.3275
DyIn,0.0
Sr3YbRhO6,0.0
SmGa2,0.0
Be2MoSe,0.0
Zr6CoCl5,0.9976
CaTa4O,3.6179
YAl,0.0
PmZnAu2,0.0
GeAsRh2,0.0
Tm2AgIr,0.0
FeSe,0.0
LuCdAg2,0.0
Hg3AsS4Br,1.3706
Li4WO5,3.1177
Pu3O2,0.0
Ru(CO)4,2.1683
P2PdO6,1.8014
Ba(GePt2)2,0.0
Zn2SeCl2O3,4.0271
YBePb,0.0
BeTl2Fe,0.0
Mg3P2(HO)6,5.3788
SrCu3(Sn2O)2,0.7205
Be2InP,0.0
SmCoC2,0.0
CrAsPd2,0.0
YHfBe2,0.0
Ba2SbAu,0.6996
Y5Ge3,0.0
RbF3,0.0
CaBeTe2,0.0
LiSc2Be,0.0
Be2TePb,0.0
BaCO3,4.8281
Dy4Sb3,0.0
Mg2H6Os,3.4165
ScTl2W,0.0
Nb2Co2O9,0.0
NdSeO,0.5227
SrSi2,0.0
UGeSe,0.0
HoSnPd2,0.0
HoMoO4F,3.7424
Sm3TlC,0.0
NbTl3Se4,1.9856
Be2SiO4,6.113
BaCuO2,0.0
TlPt2S3,1.0636
Mn3O2F5,0.395
Sr2YSbO6,3.9605
NiSeO4,0.3115
AlAgO2,0.9847
HfScCo2,0.0
Li2TlPd,0.0
ZrCu2Hg,0.0
Na4FeO4,0.6096
YbO,3.5808
Ba2BiSb,0.0
HfAsOs,0.0
BaCr2Te,0.0
Na3AsSe3,2.0134
Sc(SiNi)2,0.0
Na2SmPCO7,4.5438
CaBeZn2,0.0
BeW2Se,0.0
KCaCO3F,4.4718
Na2MnBe,0.0
Al3Mo,0.0
BaSiO3,1.476
BeCu2Cl,0.0
LiZnP,1.4703
ZnBi2O5,0.2891
K2MoCl6,0.0
LiGaRh2,0.0
NaCuPO4,0.3792
KFeTc2,0.0
PrVGe3,0.0
Ca(MnAl2)4,0.0
MnBe2Se,0.0
Sc2Ge2O7,3.7425
SmInRh,0.0
AlGaRu2,0.0
BeGaSe2,0.0
Dy3CuSiS7,1.8684
K2WCl6,0.0
Dy(SiOs)2,0.0
HoTmTl2,0.0
Sr4Al6WO6,0.8233
TiP2,0.0
InSnCl3,2.2867
ThSiPt,0.0
BaNiCl2,0.0
NbTe2,0.0
CeAl3Pd2,0.0
Sc2CdAg,0.0
MoP,0.0
MgTiO2,0.0
Y2O3,4.3066
ScCuSn,0.0
KBaO3,0.0
Ba4NbPb,0.0
Nd(CoSi)2,0.0
Ca5P8,1.3893
CePO4,0.0
YVO4,2.7756
K2NaBe,0.0
Ti5Si4,0.0
NaZn4As3,0.0
SrBeSb,0.0
CaZnSiH2O5,3.8996
Tm(SiPd)2,0.0
BeCoTe2,0.0
Li2SO4,6.5667
Ge3Te,0.0
Ba2InClO3,2.1495
Ba4LiP,0.0
Y2Sn2O7,2.9851
BeNb4Pb,0.0
NaReAs,0.0
ReRuBr,0.0
PrIn3,0.0
ZrZn2,0.0
KRuF6,1.1044
ScBeGa2,0.0
Lu2CuIr,0.0
NdNiSb,0.0
FeSbAs,0.0
AlF3,8.2402
YBi2IO4,1.5271
Re2NiO8,1.2759
Ba4CdW,0.0
PNO,5.1478
Be2VIn,0.0
Ti2CoIr,0.0
Li2NbS3,0.0
Ti3Pb,0.0
LiIn3,0.0
CaMnBi2,0.0
CrBiO4,0.0
RbMnTe2,0.0
TiBeRe,0.0
BaNaH3Pd,1.5874
Mg3V,0.0
Sr2TiBe2,0.0
BaFeIr2,0.0
MgRe3,0.0
Li2MnCuO4,0.0
PaCu2Sn,0.0
Be2OsCl,0.0
Tm2IrOs,0.0
Er(CoB)2,0.0
Li4Cr3O8,0.0
Li4BeSn,0.0
Ni3Mo3N,0.0
In2Se3,0.0
MnBeMo,0.0
ScSi2Tc,0.0
Ca3(GaNi)4,0.0
NiTe,0.0
FeSnRh2,0.0
Ho2TlCd,0.0
Ba5Nb4O5,2.5975
CuSb(MoO4)2,0.7419
TiAsRu2,0.0
NaTl2Bi,0.0
Ho2O3,0.0
TeRh,0.0
Rb3CoO2,0.9001
CaHClO,5.6219
In2GaBiS6,1.7904
MgCoPO5,0.0
LuI3,1.8602
CdSb2Se3Br2,1.1361
TaBe2Re,0.0
Li4CrO4,0.9839
LaI,0.0
LiCa2Be,0.0
Li2VP2HO8,0.0
Sr2HgGe,0.1588
HfBe2Ni,0.0
MgTi2S5,0.5345
Li2AcTl,0.0
BiAs2Os,0.0
Er2ZnCu,0.0
NaSi2N3,4.5577
Dy5BiAu2,0.0
NdMgAg2,0.0
Te3MoWS,0.0
TmTaO4,3.6354
Ag2PbO2,1.4752
LiAu3,0.0
PaGaNi2,0.0
BeCoOs2,0.0
RbInO3,0.0
BeCoRh,0.0
BePt2Cl,0.0
PrB4,0.0
RbTmO3,0.0
CeB2Rh3,0.0
Ba(ZnSb)2,0.0
TeWS,0.2495
RbYb3,0.0
BaGaBi2,0.0
YMgCu4,0.0
NaPrO2,3.624
ZrNiGe,0.0
Ba4CaRe,0.0
Cd2SiO4,1.306
Ti2Rh,0.0
KTaPt,0.0
Li3Fe4(B2O)2,0.0
BaLiCl,0.4618
Zr3Al,0.0
H4C3NF5,7.6846
NiS2,0.0
Ba(BiPd)2,0.0
TlPPbS4,1.995
ZrBeW,0.0
ScTlS2,0.9978
MgNiF6,1.2994
RuO2,0.7923
Ba2Lu(CuO2)3,0.0
SmHoIn2,0.0
Li2VO2F,0.0
Al2HgS4,2.0745
U(GeRh)2,0.0
Ba4NiRh,0.0
Zr(BeIr)2,0.0
Be2AsSe,0.0
Y(FeO2)2,0.0
Pm2MgSi,0.0
BeTc2Mo,0.0
Er3InN,0.0
Pr2IrPd,0.0
ZrTe5,0.0
SnP,0.0
CeNi2,0.0
Zn3C,0.0
Ce(FeP)2,0.0
AcCdAg2,0.0
RbHF2,7.1475
CeP,0.0
HoSb,0.0
Pb4SeBr6,2.105
Sr2Si,0.0
PdSeO3,0.7329
Y2Be2FeSi2,0.72
CaPrZn2,0.0
TaH2,0.0
KMnRu,0.0
MnPtF6,0.0
Mg2Mo3O8,0.0
BW2,0.0
EuCl3,4.314
NaBeTl2,0.0
Li2CoCuO4,0.0
MnAu4,0.0
NdRu2,0.0
LiCrBO3,0.1556
Ca2Sb,0.0
Ba2HgS3,1.3432
Be2BiSe,0.0
TaMn2Ge,0.0
ZrBe2In,0.0
Rb2Li4Pb3O4,2.0008
Rb2CoSe2,0.0
Zr2TcPd,0.0
CeP,0.0
BeAsPt2,0.0
Er2ZnTc,0.0
CaPtO3,1.3585
MgMnF4,2.4930000000000003
Ag2SeO4,0.3454
Pr(FeGe)2,0.0
ZnS,2.0865
ZrAlPt2,0.0
ErH2,0.0
ThRh3,0.0
TlZnAsO4,3.2368
FeAgO2,0.0
CeSi2Mo2C,0.0
LiMgSnPt,0.0
Zr5Ge3,0.0
Ba3SrTa2O9,4.0465
BeCrCo,0.0
CaThRh2,0.0
CeDyZn2,0.0
UIn3,0.0
DyP,0.0
ErSi2,0.0
BaLiTe,0.0
Be2NbPb,0.0
HoCo2,0.0
Ti3MnO8,1.6368
Be2CrCl,0.0
Li8Cr3TeO2,0.0
Sr2Pb,0.0
Ho2Ti3Si4,0.0
AsS(ClF2)3,3.7058
BeGaSi2,0.0
ErPt3,0.0
GaCuSe2,0.0
BeCo2Te,0.0
TaCo,0.0
ZnRhO3,0.0
Li5Co2O2F5,0.0
KBeTc2,0.0
Ba4TaMn,0.0
YAl4Ni,0.0
TaPO5,3.2187
Na5MnO4,0.894
TmInNi4,0.0
ZrPb3,4.7949
Tl(IO3)3,2.1505
Ba(NdS2)2,1.6395
BaBePO4F,6.5358
K2S5,1.6409
Ca2Sn,0.6883
Y3AlC,0.0
TcTeAs,0.0
CaHfN2,0.6279
Mn(BiTe2)2,0.6124
ZrCdAu2,0.0
Sr2HfO4,3.532
K3LiIrO4,0.2968
Pr2AgHg,0.0
MnSb,0.0
PuTe,0.0
BH2N,4.9448
K2TiO3,3.4593
P4S7,2.4243
Ba2TbNbO6,3.0557
Sb2S2O,1.2906
Sm2Cr2Fe5,0.0
Sr2Ta2O7,3.0671
Cu(AsO2)2,0.603
H4NClO,5.5832
CrCuSe2,0.0
Nd(GeRu)2,0.0
CaHgPb,0.0
CaNiTe,0.0
Dy2Ti2O7,2.7471
CrAgO2,0.4661
SmAsO4,3.8838
TbYbRh2,0.0
LiHoSe2,1.6389
CePbAu,0.0
CeFe5,0.0
Ce(CrB3)2,0.0
ThTe,0.0
Ca4CN4,1.9157
ScCd,0.0
LiCN,5.1861
Ca4BeZn,0.0
YScZn2,0.0
Er2IrPd,0.0
ZrNiSn,0.4856
U4Ga2Rh,0.0
LiYb2Cl5,5.8426
HgRhF6,0.0
Ca(MoO2)4,0.0
MgZr3,0.0
HoPtF7,2.3621
ZnBr2,3.094
Ca4BeIr,0.0
Mg2ZnPt,0.0
Sc2GaPt,0.0
NaCaAs,1.7955
NaZnF3,4.0176
Ti2AsW,0.0
MgRhF6,0.0
LaCo5,0.0
CdNi3N,0.0
Rb3FeO3,0.2911
Ho4(Ga2Co)3,0.0
Dy(AlSi)2,0.0
K2PdCl6,1.1074
MnSbS2Cl,0.6678
Li2VFeO4,0.0
LiCuS2,0.0
CaMn2Be,0.0
Ac2CuIr,0.0
Y2NiIr,0.0
BaNiF6,1.2814
BeTl2Hg,0.0
Sr(DyS2)2,1.7858
LiBeBr,0.5308
Y3Ge4,0.0
Mg3Pb,0.0
Rb3H5Pd,2.6369
CdAsIr,0.0
Li3PO4,6.3432
AuCl,1.73
HoTaO4,4.0643
YSn3Se2ClO8,0.7194
Li2ZrCuO4,0.0
HfSb2,0.0
BeBi2Pb,0.0
Co3B,0.0
Ba4ZrO6,3.1595
LiPRh2,0.0
ZnCu,0.0
TmNbOs2,0.0
TmP,0.0
AgHg3SbO6,0.7271
CeSi2Ru3,0.0
VO,0.0
MnBe2Os,0.0
Ba3(AsO4)2,4.2639999999999985
MgCoF6,0.0
Lu2NiSn6,0.0
Ni3O4,0.0
MgTa2Be,0.0
YbDy3,0.0
BeZn2Cl,0.0
YTi,0.0
NdTlAg2,0.0
BeNbFe,0.0
HfSbRh,0.0
Yb(ErS2)2,1.4665
HoH2,0.0
BaPbF6,2.8493
Rh3F,0.0
BeVSi2,0.0
Ba4GePb,0.0
Rb2Be2O3,3.4259
SnI3,0.0
LaYbAg2,0.0
TaCuO3,1.6581
Ta2BeAs,0.0
RbC2I3N2,2.9433
Cr2CuTe4,0.0
Tb(TiGa2)2,0.0
B2S2O9,7.1219
GaFeCo2,0.0
RbNa7(CoO3)2,0.0
BaBiTe,0.0
K2NaCrF6,2.3101
Li4Be3As3ClO2,4.5724
Al2(CuSe2)3,0.0
YZn,0.0
InAgO2,0.0
BeInOs2,0.0
Nb3Rh,0.0
YbBRh3,0.0
Nd(PO3)3,5.7274
Li2CuSb(PO4)2,2.1095
CdB2Xe,2.7528
OsC3I2O3,1.8656
Ba2FePb,0.0
NdAsO4,4.1364
HfBe2,0.0
TaAlPt,0.0
LaBePt2,0.0
CdHgAsBr,0.9509
NaNd2IrO6,0.0
PbCO3,3.4184
ScTaBe2,0.0
Tl2CdGeTe4,0.2685
Ba4NbCu,0.0
NaSmO2,4.2764
Lu3In,0.0
Ba2Ti6N2O,1.528
Li5Co5(SnO)2,0.0
Rb3PdF5,2.2482
KAsSe2,1.5321
LiMnSb,0.0
TbB2Rh2C,0.0
HoAgSe2,1.2332
Ho(SiNi)2,0.0
Sm2MgRu,0.0
CoHg3,0.0
K3Co2F7,0.0
Rb2PdBr6,0.5151
DyTaO4,4.0646
S8O,2.0873
Ce(CoSi)2,0.0
Li2CrCl4,0.3871
BeNbMo,0.0
TmGa,0.0
TiH,0.0
ZrSe3,0.2975
BiBrO,2.2934
K6Cu(SiO4)2,0.6066
BeCu2Ge,0.0
Ca3Zn,0.0
TlCl2,1.9477
Ba2AlV3O7,0.0
YbAgGe,0.0
Te6MoW2,0.9592
BaGaW2,0.0
NaMgBe2,0.0
ScBeBi4,0.0
As2Os,0.614
Sr2LiPt,0.0
AsIrOs2,0.0
Ca(CdAs)2,0.2705
MgMnAs,0.0
MgBeSe,0.0
CdBr2,2.682
Ca3Ti2O7,2.4545
LaBe2Co,0.0
InBi2Se4Br,1.1793
BeIn4Pt,0.0
LuTlO3,0.7639
Ce(SmS2)2,0.0
BeV2Cr,0.0
Be2GaPt,0.0
K3Na(SO4)2,5.9256
SbAsPd5,0.0
Li6Co(SiO4)2,0.2471
NbAs2,0.0
BaSc2Si,0.0
Sr3CdIrO6,0.0
CeSnAu,0.0
Cr2HO4,0.0
Zn2AsW,0.0
BeCrRe2,0.0
BaRh2Se,0.0
Na2BePb,0.0
PdBr2,0.5902
Ba2SrW,0.0
AcBrO,4.2765
Al3(BRu2)2,0.0
Sr3Mg,0.0
AlNO5,4.4522
Rb3Mn,0.0
Pu2W2C3,0.0
LiPm2Ru,0.0
Zn(FeO2)4,0.0
Na4MgO3,1.7229
CaAl9Co2,0.0
BeZnW,0.0
ZrTlCuSe3,0.37
Ce2Dy2O7,2.079
Nd3CuSiS7,1.6888
ErSn2,0.0
Ni2SbTe,0.0
Be2RhCl,0.0
Pr(BOs)2,0.0
Ca2MgHg,0.0
HfScRh2,0.0
NaAlTe2,1.6408
BeSn2P,0.0
TmCdRh2,0.0
TmScHg2,0.0
PuClO,0.0
DySiRu,0.0
TiFe,0.0
Sr2LuBiO6,1.8866
CoP,0.0
NaZr2MnF,2.5904
Mg2BiAsO6,3.4689
Dy2Co3Si5,0.0
BeInPb,0.0
CaCrO4,2.1614
BeTe2Pd,0.0
TiF4,4.8569
Ga2HgSe4,0.8722
DyMgRh2,0.0
SmSe,0.0
KBeGa4,0.0
HoCrO4,0.0
Cr4CuO2,0.0
Be2InSb,0.0
BaGaPb,0.0
Tb(FeSi)2,0.0
Ba2CaMo,0.0
PPdS,0.9032
BeNbSb2,0.0
Li3Ga,0.0
YbSiAu,0.0
SmGe,0.0
Th6FeBr5,0.0
Pr(ZnP)3,0.065
Yb2CdPd2,0.0
Rb2PrO3,0.0
YCu,0.0
SmH2,0.0
RbSmO2,3.5173
KNdS2,2.297
Nd2IrRh,0.0
Nd3PbC,0.0
Nb3In,0.0
SmTaO4,3.5449
Zn2(PS3)3,1.6399
Rb3NbO8,2.6834
NdSi,0.0
CeB2Ru3,0.0
NdBiPd,0.1611
Li5FeS4,0.0
BaNiPt2,0.0
YMgNi4,0.0
Ba4VCr,0.0
SbO2,0.0
TiMnCo2,0.0
K2MnH2OF5,0.1262
BaNiRh2,0.0
Sr4S3O,2.1762
HoAu2,0.0
Dy2NiIr,0.0
Be2TlZn,0.0
Yb4Mg3H4,3.2882
TiBe2W,0.0
Ac2CuGe,0.0
PbF3,1.9279
RbPr3,0.0
AsS,1.4659
AlOs,0.0
Ag3AuS2,1.7019
VCoSb,0.0
BaBiPb,0.0
HoTaO4,2.4981
NbB2,0.0
TaFeP,0.0
YbSnPd2,0.0
SmSF,1.3074
Sm(AlAu)2,0.0
YbFe2,0.0
TiB,0.0
TbSmO3,4.6606
Tm2Ti2O7,2.6489
NaIn,0.0
EuPd,0.0
Tm2CoRu,0.0
LuCo2,0.0
Na4Ga3Si3ClO2,4.2238
Tm3SnC,0.0
Th2S3,0.0
NdGd2,0.0
MgInIr2,0.0
Dy2Hf2O7,3.3123
Ca5(AlSb3)2,0.2087
VPbClO3,2.0004
HgBr2,2.0753
NaMn3O4,0.0
NiAsS,0.0
BeCo4Pb,0.0
Ba4BiCl,0.0
Li(YSi)2,0.0
Si2B2O5,0.1219
Sr3Cr2S2O5,0.0
MnAlPt2,0.0
BeTcBr,0.0
W3O,0.0
ReCl3,0.8522
BaTl2Cl,0.0
YBeOs2,0.0
Ba4GeBi,0.0
BeBiCl2,0.0
Te2Mo,0.0
Zn(MoO2)2,0.0
Be2HgBr,0.0
NaClO2,2.5787
ScZnMo3O8,0.0
CeAgAs2,0.0
BaIn2Ir,0.0
Mn2InCo,0.0
Ba4TlGe,0.0
P3BrCl4,1.713
K2LiAlH6,2.721
Ba5Bi3,0.0
Na4Al3Si3ClO2,4.8356
MnRePt,0.0
Sc3Co2Si3,0.0
NaCr4O8,0.0
Mn2AlRe,0.0
SmYO2,0.0
BeMo4Os,0.0
ReAg3,0.0
KBaW,0.0
TeF6,4.2075
Ba4MnTe,0.0
HgC2(SeN)2,2.0067
PbAu2,0.0
Ca4ThF2,6.1915
Ta9(FeS3)2,0.0
Y2Ti2S2O5,0.6791
LaPb3,0.0
Li2Fe2OF6,0.3517
InCuPt2,0.0
Ba2CrSb,0.0
CoP2,0.4288
Mg2Mn3O8,0.7823
GeP,0.0
NaF,6.5834
NaHoSe2,1.9334
Y2MgGa,0.0
Tb(BC)2,0.0
ZrP,0.0
Sr4RhO6,0.0
Li3NiO3,0.0
NiP2,0.0
Li2Co2SiO6,1.2541
Tl2PdCl4,1.0923
SmCrO4,0.0
Sr2Mn2O5,0.0
USnRu,0.0
Ba2YMo3O8,0.0
LiSm2IrO6,0.0
ErSi2Ni,0.0
AgCO3,0.0
BeNb2Br,0.0
YbSn2Pd,0.0
CrAu4,0.0
V2OF5,0.0
Mo2AsIr,0.0
Mn2CoIr,0.0
ZrCoSn,0.0
MnBeSb,0.2949
CaBe2Pb,0.0
Tl(CuSe)2,0.0
Li3FeF6,0.0
Li2GaAg,0.0
TmAl,0.0
KBeIr2,0.0
SmNiGe2,0.0
Mg(CoS2)4,0.0
ZrVSi,0.0
Ba2LiMg,0.0
YbS,2.2067
Rb3Sb2Br9,1.8779
MnBeRh2,0.0
Mn3P,0.0
Sc2GaOs,0.0
MgBeIn,0.0
Pb(ClO2)2,1.1818
Al2O3,4.9439
LaSe,0.0
InGaS3,1.5475
K(CoSe)2,0.0
TbYTl2,0.0
BeP2Os,0.0
V2O3F2,0.0
Nb2Se3,0.0
Ca2AgAu,0.0
GaSi3,0.0
BaTePd2,0.0
LiBeAu2,0.0
MnBe2Pt,0.0
BaLiHg2,0.0
BaP2Br,0.0
Fe2N,0.0
KCaF3,6.5366
DyTiGe,0.0
Be2SbIr,0.0
ThSi,0.0
NaBeH3,1.6672
InAs,0.0
AlN,3.6884
Sr(GaTe2)2,0.3825
NaGaTe2,0.3165
TiBe2Ir,0.0
Li2V(PO4)2,0.0
Si2W,0.2306
Dy2TeO6,2.6857
CuAgS,0.4565
ZrVP,0.0
DySb,0.0
ScCdAg2,0.0
Si3Rh5,0.0
Na3Co2SbO6,0.0
Li5Ti2Co3,0.0
KNdPdO3,0.6313
Sr3Cr,0.0
BeZnPb,0.0
ZrAsRu,0.0
KLu,0.0
Li2Mn2O3,0.1014
SrNiIr2,0.0
Hf(VH2)2,0.0
Na2ZnCl4,4.6214
Yb2InSn,0.0
Dy(FeB)2,0.0
Dy2RuRh,0.0
Ta2CS2,0.0
LiSbPHO5,2.7385
Co(AsO3)2,0.2099
Nd(CoP)2,0.0
Mn2P,0.0
YAl2Co,0.0
Li2Cu3F8,0.4513
Na3Mn4O8,0.0
Hg2P2S7,1.7392
Al2Ge(HO3)2,4.1329
TiBeGa2,0.0
CaSmCd2,0.0
Ba4OsPd,0.0
YbB2Ir3,0.0
Li7Fe(O2F)2,0.6252
IrN,0.0
KNO3,3.0198
CeTlAg2,0.0
TbSe,0.0
ThAl3,0.0
Ta3Ga2,0.0
MnBe2V,0.0
ThSi2Ru3,0.0
BeGaRu2,0.0
Li2TiCoO4,0.0
Li2Cr3TeO8,0.0
Hf4N3,0.0
Na4TiO4,3.4884
PrTlAg2,0.0
Si3Ru,0.0
BaCdSb2,0.0
TmInPd2,0.0
DyCuPb,0.0
BaSrHf2,0.0
YScBe2,0.0
Be2VGa,0.0
CaBeNb2,0.0
ThS2,1.0755
V2MoRu,0.0
Zn2SnO4,1.0399
YbIn5Rh,0.0
SmZn5,0.0
NaMo3,0.0
BeGa2Mo,0.0
NaMgP,0.0
Li5Mn3Fe2,0.0
LiPd,0.0
Ba4ErRu3O2,0.0
Sn(PS3)2,1.0384
SmAl3,0.0
Tm2AgHg,0.0
BaMgGe,0.0
V5Ge3B,0.0
MoC,0.0
TlInSiS4,2.4651
Nb6C5,0.0
ThSb2,0.0
Tc3As,0.0
Li5BiO5,1.3912
Tl2SiF6,5.0402
NaCu,0.0
KVO3,2.8736
MnAlPt,0.0
Be2CdRu,0.0
YMoO3,0.0
RbErSe2,1.9651
K4BePd,0.0
RbCuO,1.2887
Sr2ZnN2,0.9103
ZrSiAs,0.0
Ba2GaPb,0.0
Ba4HgW,0.0
TiAuCl,0.0
BaAg2SnSe4,0.1107
BaNaTl2,0.0
Tm4In(NiGe2)2,0.0
Mg3B(OF)3,5.8212
MgC2,2.7497
Pr4Bi3,0.0
CuBSe2,1.6172
AlTlO2,2.2854
ScInPd2,0.0
Ga2BiS4,2.539
PbIF,2.0126
K3(FeO2)2,0.0
DyAlAu,0.0
Lu5(TeAu)2,0.0
SrAgBi,0.0
SrCaSi,0.4286
In2Au3,0.0
Cu3Pt,0.0
Ge2MoO6,0.0
Rb2NaHoF6,6.9947
Ba4WBr,0.0
Ba2HgCl,0.0
GaMo3,0.0
Co5CuO8,0.0
MgScTl,0.0
YIn3,0.0
Sc2MnSe4,0.0
ThBe3,0.0
NaCrAsCO7,0.0
K4Sn3Se8,1.3774
Be2Sb2Rh,0.0
Dy2Ge2O7,3.9064
Be3Ru,0.0
TaTl3Se4,2.2367
Cd(GaO2)2,1.4767
Ga2PdI8,0.9986
CoSe2O5,0.0
SbPd,0.0
MnBe2Nb,0.0
Na2Te,2.1367
Li2Ti3SbO8,0.0
PuSb,0.0
GaCuS2,0.2115
Sr2CaI6,3.6508
YbInAu2,0.0
Ho(MnGe)2,0.0
ZrBe2Ni,0.0
BeCoPb2,0.0
TaGeAs,0.0
Be2ZnSe,0.0
Sm(SbOs2)2,0.0
UPb,0.0
K4CdCl6,4.0602
TaAlCo2,0.0
ErPd2,0.0
Ti4As3,0.0
HfMgPd2,0.0
Ba3Er,0.0
K2Sr(P2O)2,5.9415
SrBeF4,7.9877
SmAsPd,0.0
CeAl3,0.0
Be(ZnPd)2,0.0
BeZn2Si,0.0
NdBPd3,0.0
Li5VF8,0.2722
Ni3Sn4,0.0
Mo2N,0.0
ZrMoP,0.0
HoAu4,0.0
Ba2ScSb,0.0
Ba2DyReO6,0.0
NdNiC2,0.0
Ba4PW,0.0
Zr2BePb,0.0
KVF3,0.0
Mn2Co2C,0.0
Li2TiNiO4,0.6727
LiVTe3O2,1.5097
NaAcTe2,0.7256
VCr2O4,0.0
Cr3PtN,0.0
Mg3Si,0.0
IrCl2,0.0
Sr2As,0.0
TbGaPd,0.0
Zn(IO3)2,3.145
GaCuRh2,0.0
Li3Cu3(PO4)2,1.1854
TaBeBr,0.0
K3IO,1.2401
HoErZn2,0.0
MgZn2,0.0
Mg2CuSbO6,0.2363
Ba2YTlSn2O7,0.0
Ca3Mg,0.0
HfAsRu,0.0
SrBrF,5.2929
Ba4TlCd,0.0
Rh3Se,0.0
AlPt3C,0.0
ZnCoPO5,0.3812
Al3Cr,0.0
AgAuO3,0.3056
SiHgO3,0.0
Ca3C3Cl2,1.2951
ThZr2H7,0.0
U2SN2,0.0
LaH3,0.0
K2TeO3,3.6952
Li2ZrN2,1.7923
Nd2Fe2Si2C,0.0
CeNbO4,0.0
BeSbSe,0.0
MnCl2,1.5527
K5Pb24,0.0
Nd2MgAl,0.0
PrPt,0.0
TiNiSn,0.4628
LuNiPb,0.0
Ba4SnCl,0.0
Pr(BRu)2,0.0
TiBeRe2,0.0
Cr2HgO4,0.0
Rb2NaBiF6,5.125
K2TiCl6,1.9527
Tl2HgTe,0.0
CaBi3,0.0
ErCuSi,0.0
In2Au,0.0
K2BePd,0.0
Zr3InF5,5.6476
HoInPt4,0.0
CuBiS2,0.5501
Ca2Nb2O7,1.4074
BeCu4Rh,0.0
NbSeBr3,0.6781
SmPa3,0.0
KAuF6,1.9988
ZrCrF6,0.0
Be2ZnFe,0.0
CaTbF6,0.0
Sr4BeV,0.0
Li2MgSi,0.2025
ZrB2,0.0
Er3P4Pd7,0.0
Ga3B,0.0
Be2TeRh2,0.0
BeHg2Te,0.0
MgVO2,0.0
Be2SiNi,0.0
OsBr4,0.0
YbGeIr,0.0
ThBrN,2.6469
Li2CrNiO4,0.0
Sr2BeBi,0.0
NaAs,0.0
Li4CuSi2O7,0.6919
KPrO2,3.6539
BaLiH3,2.4438
Li2CrP2O7,0.7959999999999999
CeNi5,0.0
Nd3S4,0.0
ZrRu,0.0
ZnB2(CN)8,5.4626
TlBiP2S7,2.2064
FePH5CO4,0.8044
BeZn2Cd,0.0
TbP,0.0
Rb3Sr,0.0
NaAsRh2,0.0
HoBrO,4.4656
NaPrTl2,0.0
KCuC2,2.1218
Be2CdCo,0.0
Rb2U2O5,0.0
Ti8O3,0.0
Tl3BiCl6,2.9353
Li5P(S2Cl)2,2.7924
NdNi4B,0.0
InCuPd2,0.0
Rb2WBr6,0.0
ZnSiP2,1.4284
Te2Mo2SeS,0.0
BaAl2Si3(NO)4,3.5317
CuN,0.0
LiHo2Ru,0.0
TaBePt,0.0
BeBrCl2,0.0
Be2TlTc,0.0
ZnP2(HO)4,4.1674
Ce(AlAu)2,0.0
DyCoSi2,0.0
DyAgGe,0.0
Nb3Ru,0.0
Ba4ZrV,0.0
TmH2,0.0
Be2HgCl,0.0
TmI3,1.8021
BeTl2Pb,0.0
CrBr2,0.1834
VSb2,0.0
U3(SiC)2,0.0
Li2V3SnO8,0.0
Th(CuGe)2,0.0
Ac2NiIr,0.0
NClO6,1.6717
Rb2NbF6,0.0
Mg(PtO2)3,0.4793
TbInIr,0.0
Zr(PS3)2,1.6694
YZrBe,0.0
LaBeCl4,0.0
Sr(CoAs)2,0.0
BaBe2Hg,0.0
CuAuO2,0.0
Ba2YTi,0.0
InP,0.0
LiCeTl2,0.0
CdAsPd,0.0
Li2ZnCl4,4.2625
BeInHg,0.0
Na3Rh,0.0
Be2InBr,0.0
LaCO3F,4.9214
UAl2,0.0
Ga2TeSe2,1.6335
NaPdO3,0.0
BeNbW,0.0
Ba4PbBr,0.0
YWN3,1.345
NaZr2Be,0.0
TmPaRu2,0.0
NaTm,0.0
Nd3RuO7,0.0
DyLuMg2,0.0
LiScAu2,0.0
CdAu3,0.0
Ba4NbFe,0.0
LaBiPt,0.0
InPO4,2.6346
ErBPd3,0.0
Sr3BiAs,0.0
Be2Fe,0.0
BaMoSe4,0.0
UInNi2,0.0
Y3AlCoS7,0.0
BeZnNi4,0.0
Sc2MnC,0.0
Li2PmIn,0.0
Re2W3C,0.0
Cu3N,0.361
CaTl,0.0
Li2VF4,1.4934
Sr3P4,1.7266
Sr3(GeAs2)2,0.7688
BH4NF4,8.0615
MnGaNi2,0.0
Zn(FeS2)4,0.0
SrTaBe,0.0
Ba2MgZn,0.0
Hf2Al3,0.0
InPPt5,0.0
MgAl2Cu,0.0
Ca2BeIn,0.0
ScBe2Tc,0.0
NaTm3,0.0
BaP2Ir,0.0
LiTm2Rh,0.0
HfSnRh2,0.0
Rb2WCl6,0.0
Ce(CuSb)2,0.0
HCN,6.2833
TbCoC,0.0
Li2Fe5,0.0
Na2LiTa,0.0
NpSi3,0.0
KVOF4,3.115
KPrPdO3,0.5870000000000001
NaSmSe2O7,3.498
SmHoRh2,0.0
ZrAlAu2,0.0
KCoCl3,0.0
CrAg(PS3)2,0.8123
SmCu5,0.0
Y2MgSe4,1.399
Sm2Re2Si2C,0.0
Ba4NbTe,0.0
UFe5Si3,0.0
KGaAs2O7,2.9187
Nb2Al,0.0
ZnH8(N2Cl)2,4.8404
Ga4Bi2O9,2.9291
CdCu2Rh,0.0
Ta2NbRu,0.0
BeReOs2,0.0
FeI2,0.0
Nd3Pd,0.0
Ba4LiPd,0.0
BaMgBi2,0.0
Dy2Cr2C3,0.0
NaTc3,0.0
KNa2Be,0.0
SrAl2O4,4.3331
Tb(CrSi)2,0.0
TiBeCo2,0.0
LiFe2F6,0.0
K5As2Au,0.4862
Ti3AlSe2ClO8,0.7469
YbPmHg2,0.0
LuB2,0.0
RbHoS2,2.3362
SrB6,0.0
ThAl,0.0
HgAsO3,1.324
LiVBO3,0.5913
BH9(CO)3,6.1049
BeNb2Sn,0.0
FeP4,0.8896
Sm3Dy,0.0
Sr2SbAu,0.7709
BiBr,0.7193
AcYbHg2,0.0
Li3BiS3,2.0547
Sm2Mo2C3,0.0
Na3ErCl6,5.4849
Te2Pd3,0.0
Tl3Hg,0.0
MnBeIr2,0.0
TiMnO4,0.4879
CeHg,0.0
Ca3P2,0.5081
BeVRh,0.0
MnF2,1.9842
Zn2Mo3O8,0.0
SmN,0.0
BeAlH5,3.8683
LiNbTe3O2,1.5601
Nd4Mg3Co2,0.0
Ba4FeBi,0.0
GeAs,0.0
Y2BeSn,0.0
Y(AgCl2)3,2.7973
KNiAsO4,0.9755
Ca2MgBe,0.0
Ba2YSn3O8,0.0
Nd2Mo2O7,0.0
MgCuPd2,0.1639
SmErTl2,0.0
CuHgO2,0.0
Rb2TlInCl6,2.2692
Y2Si2Rh,0.0
YbOs3,0.0
Ba2PbBr,0.0
ThCdHg2,0.0
KTb2CuS4,1.0102
Sr5As3O2F,4.1721
Ca(CuO)2,1.6677
Er(BiO2)3,2.1263
BeNiIr,0.0
NaInSe2,1.0006
ScBeNi2,0.0
BaCdP2,0.0
Ba4RuBr,0.0
CuO,0.0
Ca2Fe2O5,0.0
SmInIr,0.0
Hf3Tl,0.0
LaBe2Pd,0.0
LiBeCd,0.0
NaBiPd2,0.0
V2AsSe,0.0
Ce(NiAs)2,0.0
TaBe2Br,0.0
ErNi3,0.0
BeCuW,0.0
Li2MgGe,0.0
BaAlSi4N5O3,3.1417
MgGeO3,1.1348
Sm2PbSe4,1.7613
Hf2CoIr,0.0
TeO2,0.0
PtO,0.0
BeCuSb2,0.0
Ti2MnCo,0.0
CaCu(SiO3)2,0.0
V3(OF3)2,0.0
LaInCu2,0.0
ZrBeGe,0.0
KSc2F7,5.7629
PrDyZn2,0.0
TiNi2Sn,0.0
Li3(CoO2)4,0.0
CeSi2Ir3,0.0
Mn2BeTc,0.0
ReC,0.0
Ti2MnSn,0.0
Be2TcPd,0.0
LaNdZn2,0.0
Ce3AlN,0.0
Ba(CoAs)2,0.0
BeGaCu4,0.0
GaF3,5.0305
SrAl4Sn3,0.0
Cd(AuF)2,1.6381
BeVCo4,0.0
Ba(CuAs)2,0.0
BeCoTc2,0.0
NbTe4,0.0
Rb5SiAs3,0.5788
TiPO4,0.0
KSnS2,0.0
W2Se3S,0.4782
LiCrS2,0.7112
Te2AuCl,0.0
Sr2BN2Cl,2.9548
BH3,5.4382
SmGa,0.0
DyZnPO,1.2602
Ba5Sb3,0.0
SmFeSi,0.0
K3TaS4,2.7304
Li2TiFe2O5,0.0
Sm2IrPd,0.0
Tl6TeO6,1.5611
Co2CuO4,0.0
TaTiBe2,0.0
DyB6,0.0
LiC2,0.0
RbAu,0.4991
Ce3ZrO8,2.0797
Ba4GaBr,0.0
TiBeTc2,0.0
NdMg3,0.0
PuZn2,0.0
Mn3Sn,0.0
Be2VRu,0.0
LiCo(SiO3)2,0.0676
CaHCl,3.8001
Rb2PtI6,0.4235
BaFeF4,0.0
Pb2ClOF,2.6493
In2IrRh,0.0
VTeO4,0.78
Nd3GaO6,3.8064
NbIO2,0.7979
PrY3,0.0
Be2PdCl,0.0
ScVO4,2.4698
BaLiMg,0.0
HoTiO3,0.0
LuInCo4,0.0
LiFe2(PO4)2,0.0
Ba4ReRh,0.0
Sr3PN,0.5187
LuTaRu2,0.0
Nb3GeTe6,0.0
Mo2W(SeS2)2,0.7858
InPbCl3,3.0038
LiCrPO4,0.0
MgCr2F2,2.3587
RbNdO2,3.4488
SnCl,0.0
ZnPd5Se,0.0
ZrCuSi,0.0
BeCu4Ge,0.0
Pm2ZnGa,0.0
SrAl9Co2,0.0
RbAu(SeO4)2,1.5699
AgBrO4,0.6172
MoSeS,0.6366
MoRu3,0.0
LuSiAu,0.0
Ba2Cu3(ClO2)2,0.0
K2CuAs,1.2818
CaNdZn2,0.0
Ba4TaIn,0.0
MnSnIr,0.0
Sc2BeIn,0.0
TbH3,0.0
Li3Mn4O8,0.0
Li3Ti2CuO6,0.2754
MnSiNi,0.0
ScUS3,0.0
PrGeAu,0.0
Hg3As8(S4Br3)2,1.715
PrLu3,0.0
Ba4SiRh,0.0
FeSiTc2,0.0
CaBe2Pd,0.0
MgPa3,0.0
Sn5O6,1.9853
Rb2CoF6,1.7591
ScGaCo2,0.0
Ba4MgTi,0.0
MnInBr3,1.3893
CdCuSb,0.0
PrAg2,0.0
Ba2InTe,0.0
ZnRhF6,0.0
LuNi5,0.0
Sr5Cr3O2F,0.0
Be2ZnRe,0.0
AgF2,0.0
YErTl2,0.0
DySbPt,0.0
Tl3PS4,2.0328
SrBiAu,0.0
Cs2PdI6,0.0
LiPm2Ge,0.0
V4As3,0.0
LiFeSiO4,0.9243
Ta2NiS5,0.0
NCl,0.0
TlCuSe2,0.0
HfP,0.0
BaNaSb,0.693
BeFeRh2,0.0
BeV2Ir,0.0
YbTa,0.0
TiMnO3,0.2745
HfSiO4,5.4466
TiBeCd,0.0
Ba4MnPd,0.0
Te2Mo2WS4,0.1009
K2LiAlP2,2.0714
CaPmRh2,0.0
Ce(MgSi)2,0.0
Li2Co4O3F8,0.0
Eu(MgGe)3,0.0
Ag2HgS2,0.4727
ScCuO2,2.3994
Ga3Bi,0.0
LiAl2Ru,0.0
Y2HfBe,0.0
CaMgBe,0.0
Ga(MoS2)4,1.2382
Li2Fe(CoO3)2,0.0
LiDyHg2,0.0
RbCa(H2N)3,2.2293
HfMnBe2,0.0
Ba4TaBi,0.0
K3BAs2,1.5434
Sm3BWO9,3.2876
HfVAu2,0.0
SmSbTe,0.0
BaCa2Pt,0.0
TmS,0.0
LiTm2Co,0.0
Li2Mn2CoO6,0.0
TiVW,0.0
Ba4TaGe,0.0
LuOs2,0.0
MoH2Cl2O3,2.3222
P4Ru,1.2234
Zn(InTe2)2,0.7706
MgSnPt2,0.0
Fe3N,0.0
TiH2C2(NF)6,2.4509
Sr3YRhO6,2.1835
SiTePt,0.3284
Fe2Cu(AsH)2,0.3282
ThBi2,0.0
CrSbO4,0.0
Mn2VGa,0.0
U(SiNi)2,0.0
Ba2Ti3AlO7,0.0
K2TeI6,1.6
Rb2TlGaF6,4.4568
XeO3,1.6615
Ba4CoPb,0.0
MgCrO2,0.0
HoB4Ru,0.0
B2O3,8.8105
Ba4CaGe,0.0
Li2CaSi,0.0
CaSnO3,0.0
NbVF6,0.0
SmNi2,0.0
Th3N4,1.6586
Nd2IrRu,0.0
Be2ReHg,0.0
Ag3N,0.0
YBe2Ir,0.0
BaGa2Cl,0.0
TiB,0.0
AcCrO3,0.0916
Ca3UO6,2.3644
Li2MgCl4,5.5791
Fe2B,0.0
Er3Ru2,0.0
Ac2S3,3.1242
ThCl4,4.0256
Li5SbO5,3.1228
YSeO3F,4.3556
Na3SbO4,2.2937
ScAlRh2,0.0
MgTaAs,0.0
Dy(SiPt)2,0.0
BaV2Bi,0.0
HfZrBe,0.0
Li3V2O6,0.2846
HfTc2Sb,0.0
MnNiAs,0.0
Nd(CuSi)2,0.0
CaH4Se2O7,4.2249
H3Pb,0.0
ThMg2,0.0
BPbO3,0.0
H2CO2,4.9155
Mn2SbTe,0.0
MnSnRu2,0.0
BaMg(CO3)2,4.2416
LiTaGeO5,3.7989
TiBe2Os,0.0
CaAu,0.0
BeNiBr2,0.0
Na3MnO3,0.1217
RbAgF3,0.0
NdO3,0.0
YTh4,0.0
Li4MnFe3O8,0.0
BeTl4W,0.0
USiAu,0.0
ErMoO4F,3.7307
SmCoP,0.0
Ni2Mo,0.0
NaZr2NiF,1.3414
Be2BiP,0.0
Pm2ZnIr,0.0
LiTa2CuO6,1.1737
Pr4Se3N2,1.4005
ZrSi2,0.0
MnInF3,1.3898
Al2SiO5,5.893
DyBO3,4.7067
SmY3,0.0
RbGeIO6,2.5258
LiMnSbO4,0.0
HfZr,0.0
BeSn2Mo,0.0
Be2CoTe,0.0
NiBiB,0.0
Ba4LaGe,0.0
Zn2Cu(AsO4)2,0.5734
K2RbPdF5,2.2422
Ca2SnS4,0.0
BaCeI4,0.0
Sr2ZrBe,0.0
BeCr2Ge,0.0
CeZn5,0.0
BaCN2,2.8717
PrCoSi,0.0
Ba2CdReO6,0.0
BaBeCl2,0.2498
FePt,0.0
Zr4In5Co2,0.0
Sr(CdGe)2,0.0
Th(MnGe)2,0.0
BaSrCd2,0.0
BeOsBr,0.0
TiBeSi,0.0
NbSiAs,0.0
BaHfSe,0.0
SiC,2.2501
YVF5,0.0
SrCuAs,0.0
Ba2YZr,0.0
Ba4TaSi,0.0
DyYZn2,0.0
ScHO2,4.2603
Be2NbIr,0.0
CdBiClO2,3.0884
NiBi3,0.0
Ac3Tl,0.0
Ce2C3,0.0
Ca3TiNiO6,0.8524
K5V3,2.9015
Li2ErIn,0.0
LiGaSi,0.2256
Er(Al2Mo)2,0.0
LiCo(CO)4,3.9061
ZrScBe2,0.0
KNaICl,4.224
Ba4NiMo,0.0
Rb3Li,0.0
Li3Mn8(O2F)2,0.0
Er2ZnOs,0.0
La2PBr2,0.0
Be5Pd,0.0
Ca2AlCoO5,0.0
BeZnSn4,0.0
Ba3WCl2O5,3.4739
KHO,4.1441
BaAl9Fe2,0.0
MgMn(SiO3)2,2.0472
Ag2Te2O7,0.0
Fe4O3F5,0.0
Ca3SiBr2,0.0
Be2FeCl,0.0
Na3Sr3GaAs4,0.40399999999999997
MgMn2O4,0.0
PrCuSO,1.8558
Li2AgPb,0.0
K2H6PbO6,2.121
Yb(HO)3,0.0
KYO2,4.1423
Tb(HO)3,3.7911
FeN,0.0
Li3B(PO4)2,6.5369
Na2LiBe,0.0
KBa2Si,0.0
Bi2Pt2O7,0.8255
HfGeSe,0.0
BeNbCd,0.0
RePb3,0.0
MoIr,0.0
TiBeMo,0.0
Li2Mn7F6,1.9282
NdO,0.0
Li2MnBr4,1.6056
NaSmSe2,1.8007
ZnNi,0.0
Zn3Ge,0.0
YNiBi,0.1832
CdAgO2,0.0
DyGa3,0.0
LiAg3O2,0.8559
Mg2VO4,0.0
MnVRu2,0.0
Sc(HO)3,4.9316
Sc(GaFe)6,0.0
TcB2,0.0
WO2F,0.0
Yb2SeO2,0.0
Ba4TaGa,0.0
PrZnNi,0.0
Cd(PtO2)3,0.2816
KLiSe,2.8159
Ta3B2,0.0
U3Si,0.0
Sm2MgIrO6,0.0
BeNbCr,0.0
Ba2YV3O7,0.0
Li2CoO3,0.0
LiAgO,1.3062
YbS2,0.0
BaHgPt2,0.0
Bi2WO6,2.2915
LiMnRh2,0.0
Ti3O,0.0
KBeNi2,0.0
MnV3,0.0
BeSiBr,0.0
Rb3Nb,0.0
Rb2CdCl4,3.2076
Ba4SbOs,0.0
HoSbPd,0.4338
SmMg,0.0
Be2TcSb,0.0
LaIn,0.0
ScAg(PSe3)2,1.4805
TmCu5,0.0
LuPaOs2,0.0
ScRe2,0.0
YNi2B2C,0.0
Be2WCl,0.0
Sr6GaN5,0.3372
Ta4O,0.0
YbGa,0.0
Ca2ScBe,0.0
SmTlO2,1.8499
Ba4TlP,0.0
MgCrF6,0.0
Nb3Sb2Te5,0.9902
LuAlAg2,0.0
Ba(ZnP)2,0.0
GaH4NF4,5.4155
Er2Mg,0.0
BaRhO3,0.0
ZnWO4,0.6147
YCrB4,0.2632
NbCr3,0.0
TbRh,0.0
MnBe2Ir,0.0
SrBeV2,0.0
BaNa2,0.0
Sr3(SnIr)4,0.0
LiThAu2,0.0
AsIrBr,0.0
CaSn3,0.0
TeF4,4.1272
CaTaAlO5,3.9293
Ti2VIr,0.0
RbTeO3,0.0
Ce(SiAg)2,0.0
Li2AsAu,0.0
Y(BC)2,0.0
ZrMnTlF7,2.5602
MnAu2,0.0
SmPd3,0.0
CeNdI4,0.0
ZrBe5,0.0
HgPSe3,1.0041
KHfBe,0.0
Ba4CuMo,0.0
Fe4C,0.0
Ba2Li3NbN4,2.4362
RbUTe3Au,0.0
HoIn3,0.0
Zn2BiWO6,0.0
Ba2BeGa,0.0
Ba4CaCo,0.0
HfMnBe2,0.0
BeMoIr2,0.0
U(OF)2,2.3922
Ca4PtO6,2.4123
Li2Ti2CoO6,0.2756
Sm2AlCd,0.0
BaScNi2,0.0
Ba4MnCd,0.0
AcEr3,0.0
NbNiP2,0.0
MgBe2Mo,0.0
UPbO4,1.5907
Ca(SnO2)2,0.0
BaCaCd,0.0
NdZrO3,0.1264
Ti2ReNi,0.0
LiCoO2,1.005
Tm3TlC,0.0
NaCuO2,0.0
Ca2Co3O8,0.0
ZnCoF6,0.0
Te2Rh,0.0
Ba4CrBr,0.0
HfRh3,0.0
Li2SiSnS4,2.0206
CeCd,0.0
BaLiRh2,0.0
Zn2AsIr,0.0
Sn3B,0.0
PrTm3,0.0
HfBe2Rh,0.0
BaNa2Os,0.0
AcInTe2,0.7885
BaHgO2,2.4144
NaErCl4,4.891
Be2TlHg,0.0
Ba4TaRh,0.0
Nd2CuIr,0.0
BeNi2Bi,0.0
Ba4TcHg,0.0
Ba3PN,0.0
Cu3Sn4PbO2,0.6712
Ca2Al2O5,3.9044
Ba2UCuO6,0.0
YTlCd,0.0
Ca3(MnGa)2,0.3404
CaPrHg2,0.0
InCu(PSe3)2,0.0
Y3InC,0.0
ScCr2AgH4,1.3284
ScBe2Re,0.0
Ba4MgTe,0.0
KBaV4,0.0
KAlO2,4.1523
HoFe2,0.0
Li2SnPb,0.0
Cs2NaErF6,7.3922
BeCu2Ru,0.0
UPSe,0.0
Ti2RePd,0.0
MnPd,0.0
Ba4TlSb,0.0
YbCuGe,0.0
ThGa2,0.0
Ba3(PS4)2,1.9328
P2Pb3O8,3.655
NiAs,0.0
K2S2O5,3.2482
YBeCd2,0.0
FeB2,0.0
Li2Ti2FeO6,0.9843
Ba4ZrSn,0.0
Cr(GaS2)2,0.0
Ag2Se,0.0
KCN,4.9669
Li5(FeO2)4,0.0
Bi2SO2,0.9351
Li3Fe(BO3)2,1.143
AsRuAu,0.0
MnFeAs,0.0
LiSbRh2,0.0
Sr4PdO6,1.602
Ba2TlSb2O7,0.0
HfZnIr2,0.0
LiTiNiO4,0.0
Be2CrBi,0.0
KSnSO4F,3.897
ErZrSb,0.0
SrReN3,2.0442
BeGaCu2,0.0
Ti4AlN3,0.0
VBiO3,0.0
BaNa2Pt,0.0
ZrBeBr2,0.0
LiBiO2,2.1175
DyNi2,0.0
DyAgPb,0.0
CuSiIr2,0.0
Al(FeB)2,0.0
Ti(BeOs)2,0.0
CaPbO3,0.9653
Er(VGa2)2,0.0
Y2CuHg,0.0
AcAg,0.0
SBr3,0.0
Ga2PdBr8,1.3679
Mg2ZnAs2,1.0915
InAg3,0.0
SmSn3,0.0
Ba3CrO5,0.4404
UPt2,0.0
Be2CuSn,0.0
ScTc2W,0.0
CaWO3,0.0
LiNiSnO4,0.0
BaSi,0.0
Fe4P,0.0
LaPbAu,0.0
Ca(SnN)2,0.0
RbCd(NO2)3,0.0
Ce(SiAu)2,0.0
Sm2MgAl,0.0
BiS,0.0
Li4Fe3TeO2,0.0
Ba4ZrNb,0.0
BaSiNi2,0.0
TiZnCo2,0.0
BaSr3,0.0
BaHo2PdO5,2.0554
SrPSe3,2.1349
Li5Nb2Cu3,0.375
Cu2Hg2SF6,0.0
LiGe2N3,2.8322
CoCl2,0.0
YCr2O4,0.0
Zr6Al6Pt7,0.0
Ba3PbO,0.0
Tm(SiRh)2,0.0
AcTiO3,0.0
MnIr,0.0
CrB,0.0
NaPrTe2,1.0490000000000002
BaPb2IF5,2.9842
AlPO4,0.0
LiAg3,0.0
Zn2NiIr,0.0
SiIr3,0.0
Sr2Ge2Se5,1.0367
TmSnAu,0.0
LiZrHg2,0.0
Zr2N2O,1.1242
Tb3(CoGe2)2,0.0
TbInPd,0.0
YTlTe2,0.6846
Be2CdIn,0.0
Ba4SbPt,0.0
Ba(BSe3)2,1.6257
NaTc2As,0.0
BaEr2F8,7.4706
Al2Te3,1.7756
NpSnAu2,0.0
K3CaP2HO8,5.395
K2NiO2,0.7229
Ti(CrSe2)2,0.0
Tl3Zn,0.0
VAgHgO4,1.3306
K2Zr(SiO3)3,5.1286
CaBeSb,0.0
ThPb,0.0
LiMgHg2,0.0
Ho3CuSnS7,1.4522
NbI2O,0.6809999999999999
Ba2Ti3AlO8,0.0
CuSbS2,0.8288
Pr(CuSi)2,0.0
TmZrRu2,0.0
Li2PNO2,6.1182
LuAu,0.0
Hf5ZnSb3,0.0
Ba4ReMo,0.0
Ce(AlGe)2,0.0
UGeIr,0.0
Sc2BC2,0.0
TmGa3Ru,0.0
CdCu2GeSe4,0.0
Li5AlO4,5.2883
Be2ReOs,0.0
AcYbCd2,0.0
Nb2SnO6,1.8442
Sm2ZnIr,0.0
BaSr2Ca,0.0
Co4NiO8,0.0
KMgH3,3.4712
YbSi,0.0
TaBePb4,0.0
BaZnCr4O8,0.0
PrLuSe3,0.5527
Al3CrO6,1.904
LaDyMg2,0.0
HfSn,0.0
MnCu2SiTe4,0.0
Li3Co2(GeO4)2,0.0
V2CrRu,0.0
Zn2Cr2O5,0.0
RbBaTaS4,2.4583
Pm2SiNi,0.0
PrClO,4.6469
Ba4TaFe,0.0
Ho2InAg,0.0
CrAgS2,0.7277
TiFe2O5,0.0
AuC,0.0
BaCrTe,0.0
Be2TcRh,0.0
CaMn2,0.6079
Ba4I6O,4.0228
Pu(FeSi)2,0.0
CaAlF5,7.4851
AcCl3,5.1269
ZnH8C2(SN3)2,4.3049
PmAg3,0.0
TlCdTe2,0.0
Tm2ZnRu,0.0
Tb(AlGe)2,0.0
Na3CrCl6,1.8024
NaBePd2,0.0
BeCrP2,0.0
RbTa(GeO3)3,3.5141
ScO,0.0
BaCuReO5,0.0
UAu2,0.0
TiAsPd2,0.0
K2MnSe2,0.8834
Yb3Mn,0.0
Li3Co5OF,0.0
CaAs,0.0
K2BeCo,0.0
NaY2Be,0.0
Al(FeO2)2,0.0
Rb3NbS4,2.4137
Na2Te2O7,0.8389
Al2CoRu,0.0
BeAgW,0.0
MgNiO2,0.4159
KN3,4.3927
RbIO3,2.6313
ReSeCl,1.5232
Li2TiMn2O6,0.9246
TbIr2,0.0
Li2TiSiO5,3.2629
Sr2SnO4,2.8677
Ti2Bi,0.0
TbSnPd2,0.0
H3NO,3.886
Be2SiRu,0.0
Hf3C,0.0
TiRe2W,0.0
MgGaPd2,0.0
Tb3TaO7,3.4181
HfAlNi2,0.0
MgMnRh2,0.0
CaBe2P,0.0
ScBeSe2,0.0
Mg2CrSbO6,0.6844
Cu3(PO4)2,0.0
LiCdAg2,0.0
Sr2YTlV2O7,0.0
BaMg(BiO2)4,0.6816
BaSrMn,0.0
Sc2AgSn,0.0
Pr3(Al2Si3)2,0.0
Li2GaPd,0.0
Bi4O7,0.857
Yb2S3,0.0
U2BiN2,0.0
NiRuO3,0.0
KCdSb,0.0
Ba4SiGe,0.0
Nd(CoB)4,0.0
HoNiC2,0.0
LiAsP2,0.0
Ho2Ge2O7,3.9468
Nd(GePd)2,0.0
VGaFe2,0.0
Y2MgTl,0.0
Mg4Ta2O9,4.2638
Pb3O4,1.0995
NbSb2,0.0
Sm(Mo3S4)2,0.0
Th(CrSi)2,0.0
LuInRh,0.0
Sr(NdS2)2,2.1273
Ti2AlMo,0.0
PrB3,0.0
Nd2Ni5B4,0.0
BePBr,0.0
BeCr2Cd,0.0
SmGa3,0.0
LaY2Be,0.0
CdO,0.0
K4CdAs2,0.6842
LiTbAu2,0.0
Ir3Ru,0.0
CaZrPd,0.0
Ca(SiAu)2,0.0
BaMnCO3F2,2.1433
KLaTe2,1.5832
Rb2NaNiF6,0.0
Al2TcIr,0.0
Ba4PtPb,0.0
GaPPd5,0.0
Na2CO5,0.0
Tc2N,0.0
PbO,2.2942
CaBe2Cu,0.0
CeTh2O6,2.131
Li2V3CuO8,0.0
H3F2,8.8455
Si3Ir,0.0
ScAlO3,4.5855
K2ReCl6,0.8544
AlBiO3,2.9166
NdNi5,0.0
Be2InPt,0.0
CaSc2O4,3.466
PrMgAg2,0.0
Ba4NaTa,0.0
CeAl,0.0
K2BaSe,0.0
NpRu2,0.0
TiAlCo2,0.0
BeZn2W,0.0
Ag3BO3,1.1188
MoPH3O7,3.1164
SiH2O,0.0
ZrTiF6,0.0
BaP2Pb,0.0
CeVO4,0.0
NdSe,0.0
KSi,0.0
K4BeRh,0.0
DyB2Ru3,0.0
ErSiPd2,0.0
MgMn2O3,0.4575
YScAg2,0.0
Ba2YBr7,3.1555
Rb2ZrF6,6.8222
Ca2TiSbO6,0.0
Be2NiMo,0.0
BeGa4W,0.0
CdFeAs,0.0
BeSi2Ge,0.0
TcAsPt2,0.0
BeCrGe2,0.0
Li2RuF6,0.0151
PrErIn2,0.0
RbTl3,0.0
K2SnCl6,2.1673
Li5Mn2V3,0.0
Ba2NaHf,0.0
LiMn(CO3)2,0.966
LiHo2Ir,0.0
AsRu2W,0.0
K2PtSe2,1.0190000000000001
BeGaCo2,0.0
NdMgAu2,0.0
SmCuO3,0.0
Na2HgO2,1.8186
Ca2NCl,2.3123
La3InB,0.0
ZrBe2Se,0.0
Ba4CdSb,0.0
GaCuCl4,1.8847
LiVF5,0.2042
LiTi3O6,0.0
BaMg(CoO2)4,0.0
RbIn5S8,1.2934
Ba4PSe,0.0
ErAs,0.0
SmNiAs,0.0
Li4MnV3O8,0.0
Cr5(SiO)4,0.0
Be2BiTe,0.0
TmMgSn,0.0
Sr2AsAu,0.5588
Sm(CoGe)2,0.0
LiPt7,0.0
NdTlS2,1.7098
YSeCl,1.9092
AsRh2,0.0
Mg2SiO4,4.6537
FeRhO3,0.0
Ba4ZrSc,0.0
Na2TlSb,0.4793
Lu2ZnIr,0.0
BeMoSe2,0.0
Sr2AgPb,0.0
ZnAsAu,0.0
NaSiAu3,0.0
Li3Fe7O2,0.0
LuZnRh2,0.0
BaSc2Nb,0.0
TiBe2V,0.0
Mg3NF3,3.9267
SrH2(ClO3)2,5.0994
BaSi4O9,4.4977
K2Cu(ClF)2,0.6124
LiBF4,8.7488
HoAgTe2,0.8853
Nd3SnN,0.0
B5H9,5.5051
TiSnRu2,0.0
PrSi2,0.0
LiCaBi,0.5874
ZrCuHg2,0.0
TiMnBe2,0.0
Be2CoHg,0.0
Ba2Pd2O5,0.0
KNaTe,2.1630000000000003
Ba4LiPb,0.0
BaAl9Ni2,0.0
YHg,0.0
Y2HgRu,0.0
LiLu2Ir,0.0
Lu2ZnGa,0.0
Cd2SiO4,1.6869999999999998
CrHgAs,0.0
DyCoSn,0.0
Ca2CuB2(HO)2,0.7140000000000001
Rb2NbCl6,0.0
LiAc2Ga,0.0
NdAl4,0.0
ZnH2SeO5,2.9225
Cu2HgGeS4,0.0
RbSm2CuS4,0.9944
BeSiAs2,1.1926
La2MoO6,3.5668
Fe3Mo3N,0.0
KSmTe2,1.2559
VIr,0.0
BiBCl,0.0
ScBe2Br,0.0
ZrCo,0.0
MgBi2O5,0.4356
K2BeGe,0.0
K2BaFe,0.0
CdSnAs2,0.0
Lu2AlOs,0.0
K2TaBe,0.0
Sr3ZnRhO6,0.0
Y2Th5O3,2.7183
YBeBr4,0.0
ZnNiF6,1.1466
ScInCu2,0.0
Y2RuRh,0.0
LiGa2Au,0.0
Na2YBe,0.0
Pt3O4,0.0
Li2NiO2,1.0943
TbAlPd,0.0
CeGe2,0.0
Mn3Pt,0.0
BaInTe,0.0
Na2FeAsCO7,0.5882
Nb5Si3B,0.0
Sr2Rh,0.0
Nb2CS2,0.0
ZrBe2Co,0.0
BeSiCl4,0.0
BaNa6O4,1.8551
Sr4Bi3,0.0
Y2MgMn2S2O5,0.0
Sm(BC)2,0.0
TaCr2,0.0
HoMnGe,0.0
Zr5Sb4,0.0
BeCuHg2,0.0
MoF4,0.5754
Al4C3,1.5269
Ti(CoO2)2,0.0
Ta2AgF2,0.7732
LiPm2Si,0.0
BeTeBr,0.0
TiZn2IrO6,0.0
FeSe2,0.3282
Sr4LiCuC2,1.0781
Na2CaBe,0.0
Ta2MnAs,0.0
Rb2InGaF6,3.3084
Sr3Ru2O7,0.0
Ca2ZnGe2O7,3.1289
Cd2As3I,0.8687
KCaCl3,4.9739
ZrScPt2,0.0
SmCdHg2,0.0
Tb(SiAg)2,0.0
Ba3Cr2O8,0.0
LiBeSb,1.1332
Ba4TlRh,0.0
BaCa2W,0.0
Dy2B4C,0.0
Ba4TiRh,0.0
MgMnSiO5,0.6453
CoTe(PbO3)2,0.0
ScBeBr2,0.0
Ba4HfCd,0.0
DySiPt,0.0
Pr5Ge3,0.0
NdRh3C,0.0
Pm5Mg,0.0
Sm(AgGe)2,0.0
U(RhO3)2,0.5045
Ta4AlC3,0.0
Na5Al3F4,7.0055
RbO2,0.0
BaZnSe2,0.0
Ho2SO2,3.1551
CeN,0.0
SiBi2O5,2.8125
Eu(GeRh)2,0.0
MgB4Os3,0.0
YbAlB4,0.0
Ho2MgGe2,0.0
NaAcHg2,0.0
Er(GeRh)2,0.0
PH2F3,6.6521
VAuS2,0.0
Li2NbOF5,3.9377
SrRuO3,0.0
MgCoF4,0.1119
BaAu5,0.0
TaTe4,0.0
NaVO3,2.8272
RbNaH2,2.5783
Ca7(HCl)2,3.8914
Li2MnF6,1.676
Sm3I,0.0
YbMoClO4,2.0009
Yb2Cu(Ge2O)2,0.0
Sc2Ni2Sn,0.0
AgAsF6,1.4341
HoAs,0.0
Fe3(SnS4)2,0.0
BPd2Br,0.0
MnCo2Ge,0.0
TlIn5Se7,0.2787
Fe8O9,0.0
Li(CoO2)2,0.0
TaBeCr,0.0
HfB,0.0
Rb2ZnF4,4.7814
Lu(FeSi)2,0.0
LaSbTe,0.0
Na4CO4,2.4768
Li6MnO6,0.0
Tb6FeSb2,0.0
Tb3NbO7,2.6287
KBO2,4.4608
HfIr,0.0
DySe,0.0
TmScRu2,0.0
K8SnSb4,0.0
Y3Si3Rh,0.0
PbS,0.5636
NiF3,0.3337
TiBeCr,0.0
Sr2I2O,3.3504
Dy2S3,0.6316
KBaCu,0.0
Ba2NdNbO6,2.926
YbFeGe,0.0
AgN3,1.8995
Ta2Be2O5,0.0
Ca2Ti6N2O,1.9854
Ti6O,0.0
AlGeRu2,0.0
Tb3SnC,0.0
FePSe3,0.0
HoInPt,0.0
Ba3FeN3,0.0
Ba5Sm8Mn4O2,0.0
Na4C2O5,2.8716
CaAgHg2,0.0
Ni3Sb,0.0
HfRu3,0.0
LiVBO4,0.0
SmScO3,4.3719
Li2AgSb,0.0
Sr2Ti6N2O,1.8245
ScTaOs2,0.0
WN2,0.0
TmCoC2,0.0
ZrNi,0.0
CdAsPd5,0.0
NaCu3(Ru2O)2,0.0
InSiIr,0.0
LiCd3,0.0
UInAu2,0.0
AlH3,2.4637
Pm2CoIr,0.0
ZnCo3C,0.0
Ce2Ni2Sn,0.0
V2O3,0.0
YbCeHg2,0.0
LiV2O2F3,0.0
SrSiN2,3.2007
ZrCr2,0.0
LiHg2Rh,0.0
PaIr3,0.0
BaAlCoCuO5,0.0
Sr3Bi2,0.0
Sm2AgHg,0.0
RbTlO3,0.0
Mg2TiSbO6,0.0
TlAgO2,0.0
Bi2O5,0.0
Y2TlAg,0.0
Cr3O,0.0
CaBe2Ga,0.0
TbNi2B2C,0.0
ErSbPt,0.0
HfInNi2,0.0
BeCoNi,0.0
Li4Ti2V3Cr3O6,0.0
Be2ZnRh,0.0
BaCa2Bi,0.0
Ba2TmRuO6,0.0
Tl2Sn2S3,0.5619
PuB,0.0
BaTlTe,0.0
RbCrI3,0.0
Zr(CoGe)6,0.0
BePPd,0.0
Er3TaO7,3.4327
ZrBe2Nb,0.0
Li2ZnSiO4,4.0824
V2MoO8,1.0029
LiCo3OF5,0.0708
BaVO3,0.0
BaZr4Ta,0.0
SrBe2Pb,0.0
MgBe2V,0.0
BOs,0.0
HgPPt5,0.0
MnSiRh2,0.0
Ba2MgMn,0.0
YbMg3,0.0
FeO,0.0
SmHoRu2,0.0
Rb3Cr,0.0
FeCu2(CN)6,0.0
ScSnPt2,0.0
BeNbTe2,0.0
ZrS3,1.206
CeIn5Rh,0.0
Ba2NaMg,0.0
KBaTl2,0.0
MnNi3,0.0
Na2AgSb,0.7561
NaBe2P,0.0
TbAl2Ni,0.0
MoIrO6,0.0
MnAsPd,0.0
YbAu3,0.0
Mg3(Ni10P3)2,0.0
Y(CuS)2,0.0
Ti3Os,0.0
Sc5Ga3,0.0
SnMo3,0.0
ZnCu3H6(ClO3)2,0.2485
KBaTl,0.0
Sc(CuSi)2,0.0
BaWBr,0.9775
Al9Co2,0.0
PrBS3,2.4984
Tm2ZnAg,0.0
TePb,0.0
TmPd3,0.0
Lu2MgTc,0.0
LiFeP2HO8,0.431
DyAl2Ni,0.0
Eu3AlO5,0.0
CoTe,0.0
Hf2MgBe,0.0
LiRh,0.0
CuAsPbS3,0.8317
Hf2NiMo,0.0
Sm2GeRh3,0.0
AgCl,0.6438
Sm2O3,3.8301
BaAl2B2O7,4.6907
K2CeSi6O5,2.4888
NdSi2,0.0
Sr2LiTl,0.0
BaPPt,0.0
PrLuMg2,0.0
La5(BN3)2,0.0
NbWSe4,0.0
Ti2TcPd,0.0
Rb(FeAs)2,0.0
MnGaH4O2F5,1.9336
K3Sb,0.9932
BeCo2P,0.0
YBeIn4,0.0
KCaBi,1.0976
Ti2CoS4,0.0
Na2Si2S5,3.5194
MnCuPd2,0.0
AgBiI4,1.0301
KAgC2,2.4203
Ba4LiSb,0.0
Cr4Cu3Te8,0.0
AgBiTe2,0.0
CdPdF6,1.8825
Ti2MoPt,0.0
BaCa(CuO2)4,0.0
Pu2SnPt2,0.0
CaLaMg2,0.0
Be2HgPt,0.0
Ce(PRh)2,0.0
Ba4HfGe,0.0
Li2HgPd,0.0
Sr2SnHg,0.2715
Mn2CoSi,0.0
Ca(FeN)2,0.0
Ca(MnBi)2,0.0
TaBeTe,0.0
U2AlCu3,0.0
Pr(BC)2,0.0
BaMg2Fe,0.0
Hf2Si,0.0
Ho(CuGe)2,0.0
CeSiI,0.0
Ba4CdRe,0.0
YTlPd,0.0
LiNbO3,3.339
TlSbTe2,0.1774
NaMoO3,0.0
Co3Bi,0.0
Lu2ZnCu,0.0
Li3SiNi3O8,0.0
ScZn2Cu,0.117
LiTi3VO8,0.0
BaYBr,0.0
AlNi3,0.0
NaSr3IrO6,0.0
NaBe2Pd,0.0
Li3ZnPCO7,4.7107
Li2TlIn,0.0
Cr3CuO8,0.0931
ScBeCr,0.0
AlFeF5,0.0
MgBe2Te,0.0
BeCo2Ge,0.0
Zn3Ir,0.0
Na2CuAs,0.8118
BaSnHgS4,1.8041
Nd(NiAs)2,0.0
Sc2PdAu,0.0
MgAl,0.0
K2BaZn,0.0
KBeHg2,0.0
PtRh3,0.0
CI4,0.9409
ThCo9Si2,0.0
Nb3B2,0.0
Ta3Co3C,0.0
Dy4CdRh,0.0
Li2CaHfF8,7.0767
CuSe,0.0
Ba4BeCo,0.0
EuC2,0.0
Ta2MoOs,0.0
Pb7(ClF)2,4.3971
Ba(SnO2)4,0.0
U2AlCo2,0.0
Pr3S4,0.0
Ca2Co2O5,0.0
W(S4Cl3)2,0.5625
HfBe2Ge,0.0
Mg(TiS2)2,0.0
Zr6BI2,0.0
Zn(InSe2)2,0.0
HgP2Se,0.0
ScHgW2,0.0
U(SiIr)2,0.0
K2YNb5O5,1.731
ScBe2Te,0.0
BaBrCl,4.7614
RbCaF3,6.8437
UAlNi4,0.0
K2IrF6,0.0
BeGa2Fe,0.0
YbBiPt,0.0
LiHo2Pt,0.0
Dy2CuIr,0.0
AlCrRu2,0.0
KClO3,5.5837
Li2BeF4,7.8616
Ti3Au,0.0
BaHBrO,4.5684
TmAgTe2,0.7009
MnAlCo2,0.0
Mg2NbFe,0.0
NaSr3BiO6,1.7627
AlSnRu2,0.0
SmTl(MoO4)2,3.4145
PmSbAu2,0.0
Mg2VBiO6,3.1161
Pu3Pb,0.0
Lu2ZnAu,0.0
BeVP2,0.0
BeVCo2,0.0
BeFeBr4,0.0
BeBiOs2,0.0
BaCr2W,0.0
BaPbSe,0.0
SrCeN2,1.2511
ZrAl5Ni2,0.0
BaSn2(HO2)2,2.2537
CoPPd,0.0
Li4SiO4,5.0974
Bi4O3F7,0.1058
NaCdAs,0.0
Fe3O5F,0.0
HgHClO4,2.6573
ZrScCo2,0.0
BaTeCl,0.0
NdNi2B2C,0.0
BeFe2Se,0.0
MgTaRu2,0.0
HoHg2,0.0
Be3Cd4Si3SO2,2.9929
SnB2As,0.0
YBi,0.0
FeSiW,0.3197
MgBe2P,0.0
CdBiS2Br,1.7815
MnTePd,0.0
Li3V4O7F5,0.0
UPt,0.0
Li(NiO2)2,0.0
Mn2Si2O7,0.1335
BeCoBr2,0.0
ScCl3,3.5349
Ti3Zn,0.0
Li6UO6,2.3063
BeGaSb,0.0
Li3CrBAsO7,1.4444
PaO,0.0
ScNbOs2,0.0
Be2VCo,0.0
TaInO4,3.6756
Ta5Si3,0.0
Rb3Mo2Cl9,0.6766
Nd2ScSi2,0.0
As4S5,1.5908
Sr2MgCd,0.0
K2Ca2Be,0.0
HoGeIr,0.0
Lu2InPd2,0.0
TaGaO4,3.1958
TmSi2,0.0
NaBPt3,0.0
ScAg,0.0
Te2WCl6,0.0
Li2Co2OF6,0.0819
BeGe2Br,0.0
Li3FeN2,0.0
Li3VO3F2,2.4878
Y(SnO2)2,1.4932
HoNiGe2,0.0
BeTlPd,0.0
ZrSnPt,0.9978
LiMg2Ga,0.0
MgTi3O7,2.8837
TiBe2Cd,0.0
CNCl,3.4961
NdPb4F,4.6225
MoBr2,2.1527
Pr(FeSi)2,0.0
HoPbAu,0.0
HoSeO3F,4.374
MgAlPd2,0.0
AcSe3,0.0
Sr(CdGa)2,0.0
BeGeW,0.0
ZnSeO4,2.3426
Ba4BeP,0.0
Ba4SrRe,0.0
TeMoS,0.0
BeCuBi4,0.0
Nb2VAs,0.0
CaSbAu,0.0262
YbTe,1.4864
SrIn4Pt,0.0
TmGa5Co,0.0
TiFe2Si,0.28600000000000003
ErCd,0.0
Ba2BiCl,0.9924
Sb3O7F,0.0
Zr3Pt,0.0
RbSrCO3F,4.2478
CeO2,2.2111
Y4C7,0.0
Sr2BeMo,0.0
Be2CdFe,0.0
Ba4YPt,0.0
HfAu2,0.0
YCdAg2,0.0
Er2CuO4,0.0
HfBe2V,0.0
BeCu2P,0.0
Ba2HoTaO6,3.4598
Nd2PbSe4,1.7585
Na2Al2B2O7,4.5096
TlBCl2,0.7992
Nd5Ge3,0.0
LiTi4O8,0.0
Li2DyTl,0.0
Rb2SnO3,2.3863
Ta2Se,0.0
Mg2Nb2CoO8,0.0
LiCoNiO4,0.0
VPO4,0.0
NaB(CN)4,6.5484
Sr3ErRhO6,2.2199
PrNd3,0.0
IF7,1.5131
Mo2AsRh,0.0
YBe2Rh,0.0
Sr2InF7,5.0760000000000005
Ca3AsCl3,1.7131
TlSbO3,2.3977
BaNa2Re,0.0
BeBi2P,0.0
HgPt3,0.0
HfMgRh2,0.0
PrCuS2,1.1269
VTc2Ge,0.0
Ba3Cu2(ClO2)2,0.2009
K2PtF6,2.5546
Ho2TlAg,0.0
Al2Si2O7,5.4436
TiBeIr4,0.0
NaHgPO4,1.6544
CrHgO4,1.3732
CrRh3,0.0
K2Hg3(GeSe4)2,0.7317
PuSi2,0.0
Ti2NiP2,0.4228
SmZrF7,6.2069
Ca(BN)2,3.8104
SnI2,1.2788
Sc7C2,0.0
TiBe,0.0
SmSI,2.4018
VB,0.0
Ca2AgWO6,0.0
RbBe2BO3F2,6.3566
USiIr,0.0
LaBi,0.0
Li4Co2S9,0.6037
Hf2TcOs,0.0
Mg(CuN)2,0.0
Hg3(SeCl)2,1.7285
LiV2O4,0.0
LiBiB2O5,3.5523
Ba4NbBr,0.0
Sr(BeN)2,2.1249
Ta(TeCl3)2,0.8035
KBaNb,0.0
BaCuCl2,0.0
KBe2B3O7,5.749
PuCoC2,0.0
Pm2CdIn,0.0
LiCo2CuO6,0.0
V4O7F5,0.0741
AgBi3S5,0.5529999999999999
MgCdAu2,0.0
MgBeCr4,0.0
LiAl5O8,5.7675
AlTlSe2,0.6735
MgOsO3,0.0
Nb3Pt,0.0
ZnCo3,0.0
BeVPb,0.0
LiSmS2,1.9238
Zr2Sb,0.0
RbCeTe2,0.0
ZrPdF6,1.07
YMg2Sc,0.0
TiPbO3,1.6702
TlAgTe2,0.0
TiBeZn2,0.0
Ce(Re2Si)2,0.0
Ba2SnBr,0.0
MnSbRh2,0.0
Ag4SI,0.0
UC2,0.0
BrF5,3.1678
Be2PdBr,0.0
K3Sb2N2O6F7,3.0323
RbAuBr3,0.5714
BaZr2Ir,0.0
Ce(SiPd)2,0.0
BeBiTe2,0.0
NdGeRu,0.0
CrNiF6,0.0
Li5WNO4,2.8156
Na2ScPCO7,4.3851
NaLu(Pd3O4)2,0.0
Rb3Pm,0.0
LuMgAu2,0.0
PrMgAu2,0.0
NaO3,0.4772
BaHfW2,0.0
TeMoS,0.0
TaAsOs2,0.0
NdC2,0.0
BePPt,0.0
PrFeGe2,0.0
HoLuZn2,0.0
FeSi2,0.0
YbBi2BrO4,0.0
NaFeO3,0.1842
Y(CoB)2,0.0
NaZn3,0.0
Na2Co2O3,0.0
TaBe2,0.0
Ca(MnP)2,0.0
CdI2,2.1079
Li3Ti2V2O8,0.0
AlCuO2,2.0658
Nb4CrSe8,0.0
HoBC,0.0
ErCoO3,0.343
UReB3,0.0
TbErO3,4.7741
ZrGa5Co,0.0
Rb2RhF6,0.0
Sc2BeRu,0.0
In2Sn2O7,0.4882
NbCu3Se4,1.3444
SmAg,0.0
KAuF6,2.0025
Ba2ZnAg2(SeO)2,1.1474
YInAg2,0.0
Si2Os,0.5138
Li3VO4,3.8272
Ti3In,0.0
SbPdSe,0.0
YMgRh2,0.0
Ba(MnP)2,0.0
CeErMg2,0.0
PdF3,0.0
Tm3Pb,0.0
Ba2NaBe,0.0
Ba4TeRh,0.0
GePd2,0.0
MgNi2Sb,0.0
ThRh2,0.0
KBeMo2,0.0
HoSb2,0.0
AlFe2Si,0.0
Li3NbS4,2.6849
PrSiRu,0.0
BeCoPd2,0.0
NaCu3O4,0.0
PmSbRh2,0.0
KCuTe,0.7052
HfI3,0.0
Ti2MnBe,0.0
Sr(MgSb)2,1.0684
Sc3AlC,0.0
BaOsCl2,0.0
K2CuO2,0.0
Sr2CoSO3,0.0
NaInTe2,0.8397
ScTc2Mo,0.0
LiMn5O5F,0.0
Ce(BRu)2,0.0
Ba4NiSb,0.0
Sr2FeWO6,0.564
Ho2TiO5,3.1092
Th2CrN3,0.0
Li5CrO5,0.1391
LiMnFeO4,0.0
YScO3,3.3249
Li7Br3O2,4.8045
LuIn3,0.0
Pr2SiTeO4,2.1458
BeFeSb,0.0
AgPd2Pb,0.0
Er2Nb2O7,0.0
Cr2B,0.0
Li3PrSb2,0.0
Sr5(SnP3)2,0.3529
Sm(BOs)2,0.0
Rb4Br2O,0.4994
AlSbI6,1.9355
SCl2,1.9352
Ta2N3F,0.0
Li4TiS4,2.3589
LaBe2Cd,0.0
K3Nd,0.0
YMgAu2,0.0
AsRhW2,0.0
Be2TlCl,0.0
Ca6Sn2NF,0.1466
Tl5Te3,0.0
Rb2Cd5As4,0.0
Zr2Ni2Sn,0.0
YbNdO2,0.0
Ta2N3O,0.0
Sm2AgIr,0.0
Be2InOs,0.0
Nb3Ga,0.0
TlCr3O8,0.4109
TiAsSe,0.0
LiBeFe,0.0
Rb4CuSi2O7,0.0
HfSi,0.0
Be2CuRh,0.0
Nb3Sn,0.0
Li3SmBi2,0.0
Mn(NbS2)3,0.0
Zn2ReAs,0.0
Y5Sn3,0.0
RhF3,0.5239
TaBeIn,0.0
Sn5(S2Cl)2,1.4419
MnBe2Re,0.0
Li2ZnGe,0.0
Dy(SiAu)2,0.0
PrYMg2,0.0
NaNb2P,1.5714
K2CuH4(Cl2O)2,0.6517
Li2TlAu,0.0
TmCd3,0.0
Sm3MnAlS7,0.0
ICl,1.3231
ErCd2,0.0
BeZn2Ga,0.0
LaMgTl2,0.0
TiAl2,0.0
BiPbClO2,2.1683
Rb3TlO3,1.5817
Na4Al3Si3BrO2,4.7486
CuGeRh2,0.0
MgCr2O6,0.0
LaTe,0.0
Ba2AgSb,0.361
YV2O4,0.0
Na2HF4,1.2758
USb2Ru,0.0
YH2,0.0
As3HO6,3.6078
RbDyO2,3.6545
Ba4CaTc,0.0
Mg3Ta,0.0
BaNbTe,0.0
Ga3Ni2,0.0
YbSiPt2,0.0
CdRuO3,0.0
LuP,0.0
VRhO4,0.1938
RbCdO3,0.0
ErH2,0.0
BeCu4P,0.0
ErCdAg2,0.0
LiBePt,0.0
Cd2P3Br,1.1447
Be2GaRh,0.0
BeReRh,0.0
CaCu3(Ru2O)2,0.0
K2PdBr4,1.3057
KInO3,0.0
LiHSeO3,4.3443
NiAsRh,0.0
Li4UO5,2.2113
HoNi3,0.0
CuSiO3,0.247
BaMn2Cl,0.0
SbI3Cl8,0.8193
Na2Al2As3,1.2488
Be2CuTc,0.0
MnIr3,0.0
Sr2CrCuSO3,0.311
ZrBeNb,0.0
BaN,0.0
Sr3Mn4O2,0.0
Si(NiO2)2,0.7606
HfTaRe2,0.0
Ho2CF2,1.1682
Li4AlCr3O8,1.1777
RbSb,0.6055
NbAgF6,2.4126
Lu6WO2,2.8973
CuB2(CN)8,0.9443
PrBiPd2,0.0
BeCd2Co,0.0
TbYbHg2,0.0
Dy3CuSiSe7,1.6771
VFeO4,0.0
LiCaPb,0.0
PuAs,0.0
CoSbO4,0.0
NaBeGe,0.0
Ba2Bi,0.0
Ca2AgRh,0.0
HoBi2BrO4,1.4808
Zr2BIr6,0.0
Zr3N2,0.0
LiTc2Pd,0.0
H8(NO2)3,0.9179999999999999
CaCo2O5,0.0
RbPbBr3,2.0622
BaPuO3,0.0
NaHoTl2,0.0
Sr4IrO6,0.0
KBe2BO3F2,6.5562
MnGaGe,0.0
Dy2Sb2O7,0.0
YSeF,1.6383
BeGeB,0.0
SrGaGeH,0.442
BaCo2Sb,0.0
CrBO3,1.3373
ScVOs2,0.0
ScCdPd2,0.0
YBe2Cr,0.0
TlTe3Pt2,0.0811
ZrNbP,0.0
PrAlGe,0.0
DyZnGa,0.0
Ni2Ag3O4,0.0
V2Si2O7,0.7167
Ge3N4,1.7526
YbN,0.0
Er(FeSi)2,0.0
Ba4VOs,0.0
Ba4MnRh,0.0
KCuO2,0.8599
NiBiAsO5,0.865
Ca2BiSbO6,0.9302
NaBeCl2,0.0
LuAsPd,0.0
Ba3Fe2Cl2O5,0.3265
DyInPt4,0.0
BaSc4Pt,0.0
CeHSe,0.0
KVO2,0.0
BeZnMo,0.0
Mo3Pt,0.0
Ca(AgGe)2,0.0
KFe2S3,0.0
SmS,0.0
ZrGa3,0.0
MgSbPt,0.0
BaRu2Pt,0.0
PaCo3,0.0
K2CoPb(N3O)2,0.0
NdTmTl2,0.0
Li2Fe(SiO3)2,0.0
NaBeRu,0.0
Ba2Mn3(AsO)2,0.0
Mo3S4,0.0
V2FeS4,0.0
NaScO2,4.0371
Ba4HfOs,0.0
SnAsRu,0.0
Eu(Mo3S4)2,0.0
Ca2PI,1.6024
Mg3Zn,0.0
NdTe2BrO5,2.442
ThB2C,0.0
Li2MgHg,0.0
AlGaPd2,0.0
ErCu5,0.0
PbF2,4.5678
YbZn,0.0
TiAlOs2,0.0
LiFeF3,0.0
BeMoPb2,0.0
Ac2SiHg,0.0
BeCdPb,0.0
Sm3IrO7,0.0
CrNiSb,0.0
BeFe2Co,0.0
Zr(Se2Cl3)2,1.2008
Al2Re3B,0.0
CaTiF6,4.7611
Ti2SnC,0.0
Ba(FeP)2,0.0
YBiO3,0.0
Ca4BeP,0.0
NdSbPt,0.0
DyNiB4,0.0
Na3AsO4,3.4354
TiCdO3,2.9572
NaCd2Rh,0.0
Ba(AgS)2,0.9244
UCl6,1.4473
YErIn2,0.0
CuAgTe2,0.0
BaSnBi,0.0
DySnAu,0.0
YbMgGe,0.0595
NaCl,4.3432
Sc(CuO2)2,0.0
ScClO,2.6686
NaLi2Pb,0.0
EuPd3,0.0
BaSrTl2,0.0
Zr2InCo2,0.0
AlIr,0.0
Ni3TeO6,0.1759
InFeAs,0.0
Na2CaP2O7,5.2754
Li3TiV2O6,0.0
GaPPt5,0.0
Ba4PtO6,1.8395
Mn(CrSe2)2,0.0
KBeTe2,0.0
BeCoCl,0.0
Be2NbMo,0.0
Pa3Zn,0.0
PaSnAu2,0.0
NiBTe,0.0
DyB2Rh3,0.0
ZnBiO3,0.8656
Na2AlZnF7,5.0518
YbPaPt2,0.0
CaNiF6,1.4253
Yb2PdAu,0.0
Ba2AsBr,0.9487
GaSiRu2,0.0
KBa4Os,0.0
Y3PbC,0.0
LaAuO2,2.5597
MgNi2Sn,0.0
K2S2O7,5.7018
TcAs3,0.0
Ba4NaTc,0.0
ZnGeN2,1.8656
Ba2LuNbO6,2.9092
BeGe2P,0.0
Dy(BiO2)3,2.0817
YAg,0.0
Ce(AlZn)2,0.0
Sm2Ge2Ru,0.0
KSnPCO7,3.2018
CaPbI4,2.6630000000000003
Be2Cr2Pt,0.0
Lu3Si,0.0
CrH6SO7,1.0506
CaMn4O6,0.0
Mn3PtN,0.0
Er2InAg,0.0
BSbO3,3.6011
Sr3ZnIrO6,0.0
NaBiF6,2.5467
Ca(SmS2)2,2.1079
ErTiGe,0.0
LaCoTc2,0.0
MgGaAg2,0.0
SnPSe3,1.5058
BeCoW,0.0
ScSiNi,0.0
Ba4TiTe,0.0
BePbBr4,0.0
GaAsO4,3.1976
NaBe2Se,0.0
HfW2,0.0
NaTmS2,2.382
LiMgPd2,0.0
PrI3,1.5771
SrLi2In,0.0
YHfRh2,0.0
Be2ZnRu,0.0
Bi2Te2S,0.3039
V6O7F5,0.0
FeAsCl,0.0
Mo3I,0.0
Li2N,0.0
YBe2Nb,0.0
Fe(SiP)4,1.1011
Ho2PdRu,0.0
Li4BeOs,0.0
BeNbOs2,0.0
CaPmPd2,0.0
Ho(CuO2)2,0.0
Bi(TeBr2)2,0.8977
KAgO3,0.0
TaAsO4,2.8798
NaReO3,0.0
Ba4MgCd,0.0
SrNb3NO7,1.5137
Ca3Sn2S7,0.0
SrBeBi4,0.0
Cu2GeSe4,0.0
K2ErF5,7.2563
TmTe3,0.0
ScInIr2,0.0
Ca(SnO2)4,0.196
BaNaZr,0.0
BaNaY,0.0
ZnSiO3,0.0
Li3BiO3,2.9869
Lu2O3,4.458
CePt3,0.0
Dy(SiRu)2,0.0
TmPd,0.0
KPrS2,2.254
SrC2,1.796
Sr3(AsO4)2,4.2031
LiB,0.0
Lu(CuO2)2,0.0
Ir(Cl2F3)2,0.0613
Ga2HgTe4,0.5958
Ac2CdSn,0.0
AgBi(PSe3)2,1.1802
LaHO2,4.0825
PrRe2,0.0
Ti2CoTc,0.0
Tm2MgAl,0.0
BrF3,2.0809
Co6O5F7,0.0
LiBe,0.0
SnO2,0.0
ScBeRu2,0.0
ScMnRh2,0.0
Ba2Bi3,0.0
Mg(HO)2,4.4109
TaBeFe,0.0
UF3,0.0
MnInCu2,0.0
ZrP2(HO3)2,4.3156
TiBeTl,0.0
BeSiW2,0.0
InCuO2,0.4306
OsAu3,0.0
Mo2RuSe4,0.5711
TiBeSi2,0.0
TaBe2P,0.0
Sr2Ir,0.0
CrCuO2,1.0362
Ba2PdO3,0.0
NaTiO3,0.0
MgGaNi2,0.0
Pr2C3,0.0
ErCoC,0.0
Lu2AgHg,0.0
Ca4Mg3H4,3.3651
BSF7,5.2521
HfSnS3,1.165
Ba4BiPb,0.0
VCo2Si,0.0
SrTlHg2,0.0
NbNiTe2,0.0
TmSnRh2,0.0
TmAlSi,0.0
Ca(ClO2)2,2.6687
H3S,0.0
Li4Mn(BO3)2,1.8371
Mn2Co3Ge,0.0
TiGeO3,1.2379
LiBe2Rh,0.0
PH6N3O,4.947
Sc2O3,3.8457
Ho2Sn2O7,2.8878
BaHg2Pb,0.0
BeGaW,0.0
Be2FeBr,0.0
BeSiP,0.0
DyTe3,0.0
ScBeTe2,0.0
K3Ge4Au,0.7948
PuAl3,0.0
Cr(FeSe2)2,0.0
KNa2AuO2,2.2799
Ga2HgO4,0.7281
Mo3Pt2N,0.0
LaSe,0.0
LiNdTi2O6,2.3509
Ba4HfZr,0.0
HoMgHg2,0.0
Na2LiGaAs2,0.7605
P4S5,2.2307
BaAgTeF,1.6407
Ho(SiAu)2,0.0
BeNb4Pd,0.0
Mn2GaW,0.0
Ho3Pd2,0.0
TmMnGe,0.0
Sm(DyS2)2,0.0
BeSnTe2,0.0
HfSiSe,0.0
Hf2N,0.0
Ni(Te2O)2,0.0
Sc(ReO3)2,0.0
Nd(HO)3,3.7678
YCd,0.0
TaNiB2,0.0
EuMgH4,0.0
LuBi2IO4,1.6011
CdHg2SeO6,1.0391
K4TiO4,3.4856
KReO3,0.0
KLiSO4,5.6422
Tl2CuF4,0.0
Ba4ScSb,0.0
KTlHg2,0.0
Na3AlTe3,2.17
Mg2CoAs,0.0
HoMg,0.0
ScSiRu2,0.0
BaTlHg,0.0
BaCu2SnSe4,0.4271
TiInFe2,0.0
Li3TiCo3O8,0.6354
InBr3,2.3104
YbNdZn2,0.0
SrCaBe,0.0
Li3Fe2OF5,0.0
Cu2O,0.6439
ReN,0.0
Mn3Cd2O8,0.7190000000000001
SbOF,1.9542
VCu3Te4,0.5509
Ho2CdOs,0.0
Ti4ZnO9,2.4407
Li2AlNiO4,0.2701
Th3Be,0.0
ZrInAu2,0.0
BaCaO2,2.1386
BeCu2Pt,0.0
KZnP,0.9378
CaNiP2O7,1.0907
NaErO2,4.5192
CoTe2,0.0
Sm3GaO6,3.7296
NaNi3,0.0
SrBeCu,0.0
Na2TiCl4,0.0
Th(Al2Fe)4,0.0
Ge2Sb2Te5,0.0
Ti2TcIr,0.0
YbTmPt2,0.0
Rb2AgSbS4,1.3508
Zr2CS,0.0
Ba4HgSb,0.0
Nd3AlC,0.0
LiGePCO7,3.9046
BaS2,1.6252
RbCuBr3,0.0
Ba2I2O,2.8753
ZnB3Ir4,0.0
AlAgO3,0.0
Pr3Ni,0.0
NdBiO3,0.0
Pu2O3,0.0
DyNbO4,3.941
Y(MnAl2)4,0.0
TaBe2Pt,0.0
BaF2,6.8195
BeZn2Fe,0.0
CoOF,0.0
Ti2CuS4,0.0
MgAsPt5,0.0
ScNi4Au,0.0
TlBi2,0.0
CaClF,5.6517
Sc(BC)2,0.0
VOF3,2.0504
SrCu2GeSe4,0.6002
NiAsPt2,0.0
BaTa2Tl,0.0
NaMnAs,0.0
HoS2,0.0
Na2S2O3,4.2937
BeInBi4,0.0
Nd3CuSiSe7,1.4588
Ta2Si,0.0
Yb5Au3,0.0
ZrNiP,0.0
SiNi2,0.0
Li2Co(NiO3)2,0.0
CsPbF3,3.4126
Ba2GePb,0.0
K2AgSb,1.2667
NaIO4,1.8445
SmMgCd2,0.0
SnSb,0.0
AlSbO3,0.0
ZrInPt2,0.0
TbZnNi,0.0
Li2MnCoO4,0.0
LiBe2Ga,0.0
TeAs,0.0
NaP4N7,4.4418
DyPb3,0.0
NdGe3,0.0
NdMgTl2,0.0
Rb2Ti6O3,2.6992
TaSnO3,0.0
CdPd3,0.0
Ba2CuSi2O7,0.0885
Rb2NbCuS4,2.0182
Er3TlC,0.0
LaMgCd2,0.0
Th3P4,0.3274
PrB6,0.0
ScSn2,0.0
Be2CdCl,0.0
V3Cd,0.0
Ba(CO)4,2.6673
Li2V3WO8,0.0
BaSrTa4,0.0
Tb3AlC,0.0
Li2TiO3,2.4966
NpMn3,0.0
BaYCuSbO5,0.0
H2SeO4,3.4012
SrSb2,0.0
Li2CePb,0.0
BeRhCl2,0.0
GaFe2Ni,0.0
V5Sb4,0.0
Rb2TeO3,3.6897
YIn,0.0
PbCN2,1.7705
BeTe2Pt,0.0
NbAl3,0.0
PAuS4,1.0366
Na4CO4,2.5589
PrTe3,0.0
RbPbIO6,1.4202
BaCa2Ga,0.0
Ni3C,0.0
BeMoW,0.0
Dy2CdS4,1.065
ErInPd2,0.0
BeV2Hg,0.0
PrAl,0.0
Zn2Co3O8,0.0
Ba3CrN3,0.0
ZrB,0.0
Na2CoGeO4,0.0
As2Ru,0.5665
AlPd2,0.0
K2Ag2SnSe4,0.777
TlInS2,0.2729
U(HO2)2,1.9678
HoAg2,0.0
K2Hg(CN)4,5.886
LaB6,0.0
Be2GaOs,0.0
Dy3S4,0.0
Yb2Au,0.0
LiBeFe2,0.0
RbN3,3.9543
Fe(CoO3)2,0.0
PrHo3,0.0
BaTaBr,0.0
LiAg5F2,0.0
GaAsO4,3.1977
YClO,1.8926
NdAlCu,0.0
Ca4Sb2S,1.141
NaZr2AgF,0.0
SmB2,0.0
Lu3AlO6,4.5399
InNi3,0.0
Li4MnBe,0.0
Rb2Pd(IBr2)2,0.188
MgCu2As,0.0
MnBe2Tl,0.0
LiCdBO3,2.3126
AlBiBr6,2.5794
Rb2HgAu,0.0
LiMgVO4,3.2117
Mg3B,0.0
BeInTe2,0.0
PbCO3,3.419
Ho2ZnOs,0.0
MnGeRh2,0.0
K2Sn(HO)6,3.8714
Nd3Si2ClO8,5.317
HoCuP2,0.0
YMgAg2,0.0
BaMn2Cu,0.0
LiCuO2,0.0
Ba4TlPb,0.0
Yb2TeO2,0.0
DySnRh2,0.0
SrCuSF,1.7739
K(InAu2)2,0.0
AsBr3,2.8535
SiRu,0.0
Ba4MgRe,0.0
Li3Ac,0.0
LiErTl2,0.0
Ba2CdSb,0.0
CdGaRh2,0.0
MnGaRh2,0.0
SmPt2,0.0
Hg2MoO4,1.8205
Ba3InRu2O9,0.0
Mg2Bi2O5,1.6129
LiPr2Ru,0.0
NaMnO2,0.8116
ThTaN3,0.1283
AcHgAu2,0.0
BaMnBi,0.0
AgPdO2,0.0
InN,0.0
Na2MnCSO7,2.1686
UPdSe3,0.0
Bi2PbS4,1.1372
GePt3,0.0
ThNCl,2.542
ZnCo(SiO3)2,0.0
TmGe,0.0
ErI3,1.7726
Be2VRe,0.0
TiInAu2,0.0
Sr2Sn,0.2378
LiIrF6,0.0
K2VCuSe4,1.0188
ZrTe2Br5,0.9797
SmOF,4.6903
BeFe2Si,0.0
Na6Ge2Se7,1.5506
NaReO4,3.4213
Sr2DyReO6,0.0
MnZnO2,0.0
Mg(Co3P2)2,0.0
Zn2BiSbO6,1.1163
Cu(RhSe2)2,0.0
Na3CuO3,1.1544
Pm3Tl,0.0
Ge2Mo,0.0
RbRuO3,0.0
Re2SCl2,0.6341
Li8Al3Si5,0.0
ZrSiS,0.0
Mg2Sn3O8,2.3993
Ba2TiOF6,3.8016
BeW2Cl,0.0
SrAlSi,0.0
Zr2TlC,0.0
Ba4BeSn,0.0
ZnCo2Ge,0.0
Tm2RuPt,0.0
NpSi2,0.0
Li2CrPCO7,1.6579
Ba2ZnN2,0.4429
Ce2AlNO3,0.0
CeAgAu2,0.0
Ta2O5,2.5192
CuH,0.6759999999999999
Mg2Sn2O5,1.2109
NaYSe2,1.8909
In2HgS4,0.0
Li4PbO4,1.4216
Dy3TlC,0.0
CrAgSe2,0.2883
Sb2H8Pt(O2F)2,1.7644
PrYZn2,0.0
Ta(NiTe)2,0.0
Ba4HfMo,0.0
CeCd2,0.0
SiC(ClF)3,6.1174
HoTe2,0.0
Sc2Co,0.0
Be2FeHg,0.0
Ba4CuGe,0.0
Ti3AlF5,2.9771
YbB6,0.0
Sb3O4F,2.6195
K2MnF4,1.4051
Cs2NaInF6,5.5869
BeSb2Cl,0.0
Ta2CuOs,0.0
AlVCo2,0.0
Zn2P2O7,4.0558
Rb3Ti,0.0
BaLiBr,0.4025
Yb2AgBi,0.0
LiFe6O7F5,0.0
H6PbCBr3N,2.1095
KLiICl,4.2658
NaHoS2,2.3282
RbHoSe2,1.9423
Hg3Bi,0.0
Tb2CoGe2,0.0
Cd(InSe2)2,0.0
Lu3AlN,0.0
Lu2NiRu,0.0
KSrNb2O6F,1.8797
CrGaTe,0.0
TcSO6F,2.8808
VFeCoAs,0.0
YbNiSb,0.0
Tc3Rh,0.0
LuSb,0.0
Pb2O3,0.8674
Nb2AlC,0.0
PaCl4,0.0
Er2PdRu,0.0
YOF,5.2315
Cr3Ni,0.0
B2Br5,0.0
TbCoGe,0.0
PmRuO3,0.0
Sr(GeIr)2,0.0
USiRh,0.0
Li4NbO4,0.0
BaMn2O8,1.7719
Sr3AsP,0.0
LiCuO2,0.0
BeCrW,0.0
Tl3AsS3,1.0815
NdO2,0.0
BeVFe,0.0
Sr3Fe2Cu2Se2O5,0.0
Y(CrSi)2,0.0
Dy2TlCd,0.0
UTlO3,0.4393
Sc5Sn3,0.0
LiAlSe2,3.2018
BeBi4Br,0.0
CaBeSe2,0.0
SrBeCu2,0.0
Ba4ZnIn,0.0
ZnBSe2,0.0
Ce2SeO2,0.0
Eu(ZnSn)2,0.0
Ga3NO3,1.1319
BePb2Br,0.0
Er(Al2Fe)4,0.0
Yb2MnSe4,0.0
Mg(WN)2,0.0
Sr2Si5N8,3.2927
BeCdFe,0.0
Li2PmPb,0.0
SrN,0.0
FeSbO4,0.0
KSrBe2,0.0
Ba4TeW,0.0
Ba4MoRh,0.0
PrS3,0.0
USn,0.0
BeVIr4,0.0
CrAsO4,0.9497
MgTl,0.0
UVN2,0.0
MgH2(ClO3)2,5.0594
RbCaO3,0.0
Sr(AsO3)2,3.446
ScAsW,0.0
Ba(CuS)2,0.5725
Li2Mn2CuO6,0.3007
Na3UF7,0.1179
U(Al2Cr)4,0.0
Lu2CoRu,0.0
Fe9Co7,0.0
SmBPd3,0.0
MnBO3,0.0
MgCu,0.0
TaAs2,0.0
MnFe3,0.0
MnCo2Sn,0.0
Mn2As,0.0
Ti2ReAs,0.0
KCl,5.3264
Pd3(PbS)2,0.0
AgXeF9,1.4380000000000002
AlBr3,3.9745
Tl3Ru,0.0
RbYbO2,0.0
BaGaSnH,0.0
K2TiS3,1.1638
SiH6(NF2)2,6.8679
Zn3Si3(SbO)2,1.6874
Ho4InIr,0.0
BaZn(AgO2)4,0.0
Nb4SiNi,0.0
Ba2ScPb,0.0
CaAlH5,3.3468
BaGe2Cl,0.0
CrWO4,0.0
Li3Fe3CoO8,0.0
SrAsPt,0.0
Mg2AgRh,0.0
Be2GePt,0.0
Dy2In,0.0
NaMo2As,0.0
SrH2Cl2O,4.3375
Mg3V2O8,3.1582
Ca3MnN3,0.0
BeSiPd,0.0
MnCu2Sb,0.0
Ba4YZr,0.0
AlAu4,0.0
TmCdAu2,0.0
MnBe2Ga,0.0
Sc5Cu5O3,0.0
LiBeCu2,0.0
Li4FeSi2O7,0.3034
Li2BeTl,0.0
Si2CN4,4.4641
Ca4TiN4,1.703
InCu6ClO8,0.0
Yb2AgGe,0.0
KAuF4,2.3473
Be2CrCd,0.0
TiSe,0.0
NaCaBe,0.0
LiMgSb,1.0577
LiMn(SiO3)2,0.0
Tc2AsPt,0.0
BaReCl2,0.0
Er2TeO6,2.6553
Ti2PbC,0.0
LuO3,0.0
Sr3Ge2(BO)6,4.5593
Cu3AsS4,0.0
Rb3Ho,0.0
RbO3,0.7674
LiZnN,0.8256
ScBeSn,0.0
MgFe3(PO)4,0.0
Mn3GeC,0.0
Rb3MnH5,1.6238
BeCo2W,0.0
BaHgPd2,0.0
Na3SrPCO7,4.2116
Ba2SnCl,0.0
Sr2CuO3,0.0
BaHgW2,0.0
LaSF,1.5087
Er2TlCd,0.0
Be2CoP,0.0
Zr3Tl,0.0
BeCuRh2,0.0
Tm2CdOs,0.0
PrNi5,0.0
BaTl3,0.0
LiBe2Zn,0.0
Ba4VPb,0.0
Fe2NiP,0.0
K4MnBr6,2.1899
Ba2In2O5,0.9358
NClO,1.7655
YSbO3,0.0
DyP,0.0
BSb,0.9452
Na4BeSi,0.0
Sr(NiAs)2,0.0
Mg2FeO4,0.0
B2IrCl,0.0
Zr2Al,0.0
SrHfRe2,0.0
LiGa3,0.0
Ba4CaNb,0.0
Mn3NiO8,0.3986
Mn3SbO8,0.0
Lu(SiPt)2,0.0
HfMg2Be,0.0
Ba4NbIr,0.0
Be2TlPd,0.0
ZrCoF6,0.0
Ti2N,0.0
Ba4LaIr,0.0
BeNiMo,0.0
Be2ZnPd,0.0
BeFeCl,0.0
MgMnO2,0.0
TlAgBr3,0.0
NaEr(PS3)2,2.6326
Rb3P,0.7674
Hf2CuMo,0.0
YErO3,4.8899
KBa4Ru,0.0
PrTe,0.0
Pr2SO2,2.9751
VClO,0.0
Nd2Ta2Cl2O7,3.177
Be2TePt,0.0
BeVCd4,0.0
BePdRh2,0.0
SiBr4,3.9863
BaTcBr2,0.0
Tm2Fe2Si2C,0.0
Mn5(SiO)4,0.0
Na2VO3,0.0776
B6O,2.2138
Ac2GaCu,0.0
AlCl3,0.0
RbH3O2,4.6606
ZrSiO4,4.2117
BeIn2Br,0.0
CdIn2O4,0.0
Lu2MgRu,0.0
DyBRh3,0.0
CdCN2,0.5338
YBiPd,0.0
Ge3Sb2O9,3.0367
BCl,3.064
KTl2Bi,0.0
BaSO4,6.492000000000001
ZrIn3,0.0
LiEr2In,0.0
Rb2IrF6,0.0
Ti3Te4,0.0
K3B6Br,5.3828
MgCu2,0.0
NaTl3(SO3)2,3.0334
Be2SnHg,0.0
Re3Tc,0.0
K2CuSb,1.2484
Be2B,0.0
U(MnGe)2,0.0
Sm3Ho,0.0
BaYCd,0.0
Li2Mn2CrO6,0.0253
TiTl2F6,3.589
Sm2O3,0.0
BeIrW,0.0
SrTe3O8,2.3539
Tl2CuAsO4,1.5362
Li2Al2FeO6,0.0
Hf5Ge3,0.0
LiMg2Si,0.0
MgNi3C,0.0
USeO,0.0
CaHg2,0.0
BaZnBi,0.0
Er2Te3,0.5871
MgBe2Se,0.0
KAs4ClO6,3.365
GaCl3,3.9204
Na5NiSO2,0.0
Zn(InS2)2,0.0
MgGa,0.0
KBiF6,2.5321
AlCuS2,0.0
Sm2(Zn2Ge)3,0.0
TlAgSe,0.6704
Li2Mn(BO3)2,1.8132
ZnSi2SnO6,3.5529
BeGaRu,0.0
DyTlSe2,1.3076
KNa2BO3,3.1996
Ba2TaBi,0.0
BiSeBr,1.5835
SrIn2,0.0
LiIn2Rh,0.0
MnSi,0.0
Hg2AsCl2,1.2705
Tb2Sn2O7,2.9073
KCuO,1.3801
YHSe,1.7442
Pr2CdSn,0.0
Li2Co3WO8,0.0
Ga2FeAs,0.0
Li5ReN4,2.9026
RbBO3,0.0
Li2CeTl,0.0
Mn2SnW,0.0
Sr5As3,0.0
Sr2Be2Bi,0.0
Te4Mo3,0.0
YbF3,0.0
CrCl3,0.0
GeH3Cl,4.6154
LiCoSbO4,0.0
YNiF5,0.0
LiV3O8,1.099
CaBeBr,0.0
Cd2SnO4,0.3485
Ba2H6Os,1.9379
VFe2Si,0.0
Mn3(OF)2,0.3298
Co2(GeSe)3,0.38
Tm2TlHg,0.0
NaB,0.0
Ho(FeSi)2,0.0
Ba4LiRh,0.0
Be2FeSe,0.0
Mg2Pb,0.0
LiTmTl2,0.0
Pb7(BrF)2,4.16
MgNbAs,0.0
SiHg3,0.0
CeAu,0.0
LiCaAlN2,2.8564
LiBeNb,0.0
Na6ZnS4,2.2365
TaBe2,0.0
KH8N3,2.6471
Tl2InGaF6,2.4917
Li5Fe7(OF)3,0.0
ErMgZn2,0.0
RbYbS2,0.0
ErHg2,0.0
Sm4FeSe6O,0.0
CeGa6Pd,0.0
LiSbO2,2.2586
MgSe2O5,3.0964
Mn2HO4,0.0
LiZnPS4,2.8645
BAs,1.361
ErInPd,0.0
Ta2SnO7,1.6574
ZrAsCl,0.0
AgAsS2,1.2451
BaHgSe2,0.7949
Ce3InC,0.0
Ba4BeSb,0.0
Pa3Sb,0.0
CuSiH8(O2F3)2,1.1516
Ca(PrS2)2,2.0736
BeSiOs,0.0
BeHg4Pd,0.0
BeZn2Sn,0.0
Tc2AsCl,0.0
Na3FeBAsO7,0.4073
ZrBeNb,0.0
Yb2PrDyS6,1.0995
NdCu5,0.0
Ba(H2O3)2,2.9514
BaGe4Bi,0.0
BeBiPb,0.0
CrF6,1.9186
SrLi2Tl,0.0
Y(CoGe)2,0.0
Ca(VS2)2,0.0
Ba4ZrGe,0.0
NaB5,0.0746
CoSb3,0.0
Tb4CdRh,0.0
SmAs2Au,0.0
NaLiTl2,0.0
Te2Mo(WSe2)3,0.6434
CeS,0.0
TiMn2Si,0.0
Ba4ScRe,0.0
Cd3As2,0.0
BaSiTc2,0.0
Ba4VP,0.0
VCu3Se4,0.9754
ThRe2,0.0
ThAl2,0.0
BeCd4Os,0.0
V(SiO3)2,0.0
Yb3Sm3S8,0.0
Sr2Hf7O6,4.5205
Na3Co,0.0
Ho(CrGe)6,0.0
TiGaIr2,0.0
CaAcIn2,0.0
Li4MnCr5O2,0.0
Cd(AgI2)2,1.6106
VBO3,0.0
Ba4ZrTe,0.0
AlSnO3,0.0
RbAgBr3,0.0
TlSn,0.0
Yb5Ag3,0.0
Te4Mo3S2,0.0
AgBr,0.7917
BeV2Fe,0.0
KBe2Tl,0.0
HoAg,0.0
YbCuSi,0.0
PrAs2,0.1519
Hf2SnC,0.0
KCaBe2,0.0
PrSF,1.3288
TiFe2As,0.0
P2Rh,0.4367
TlI3,1.4169
CaSiPd,0.0
Sr(Ni2Sn)2,0.0
Yb5Ge3,0.0
Pr5(RuO)2,0.1691
ScBRh3,0.0
La(CoSi)2,0.0
Nd(MnSi)2,0.0
Tb2Fe2Si2C,0.0
Li3CrCo3O8,0.0
LaMg2,0.0
Er2SnAu2,0.0
Ti2GaN,0.0
NdP5,0.0
YbSb,0.0
MgMnF5,0.1786
NaLiICl,4.4877
BeIn3,0.0
Co3O4,0.0
RbAsF6,5.1944
NaBeTl,0.0
ThRu2,0.0
LiZrPt2,0.0
BaSbMo,0.0
Li4Cr2P4(HO2)3,0.0
SmTmMg2,0.0
KSnOs,0.0
Ba2BiMo,0.0
NiMoO4,0.1474
Ba4NaOs,0.0
HfMn2Be,0.0
Yb2AgHg,0.0
Au3Br,0.0
LiMgBi,0.5344
Cu3SbS4,0.0
TeWO6,0.4399
BeSiRu2,0.0
ZnCu2GeSe4,0.0
Ba2CaOsO6,0.0
BiTe3,0.0
BeTl2Ir,0.0
BaReBr2,0.0
TlGaS2,1.8212
ZrAlPd2,0.0
Y2CdPd,0.0
NaBeCl2,0.0
InSb2S4Br,1.5492
Ba4InCo,0.0
CClF3,6.6902
KAu(I2O)2,2.213
Pb2Au,0.0
TiZn(BiO3)2,1.6893
AlSn,0.0
Be2GaCu,0.0
Al3V,0.0
TbF3,8.0976
Ba2HoRuO6,0.0
NdI2,0.0
KCaSiHO4,4.6219
RbSmS2,2.2614
KLiMnS2,0.4405
PaSiTc2,0.0
ScP2O7,0.08
UIr3,0.0
NaLi3,0.0
BeV2Cl,0.0
MgAsOs2,0.0
MoN,0.0
NbPO5,3.1210000000000004
ScH3,0.0
PaBO3,0.0
Ba4ZnIr,0.0
CeCo3B2,0.0
BeTlTe,0.0
Ca(AuO2)2,1.6907
UN2,0.8641
Ba(MnSb)2,0.0
Yb3Os,0.0
TlPt,0.0
Li(Fe3P2)2,0.0
CaNiWO6,0.3094
HfZrZn2,0.0
NdB2Ru3,0.0
MgH2SeO5,3.6462
Ba4Tb2Cd3,1.8615
BaZr(PO4)2,4.0091
NbSiIr,0.0
Mg2BeCl,0.0
LiHf2Be,0.0
Li4MnOF4,1.3123
LaAs,0.0
Li5V2Fe3,0.0
KBa4Re,0.0
K3Tl,0.0
Te2Mo3W(Se2S)2,0.1872
DyAs,0.0
YCuO2,2.8763
KMnF3,0.0
Ba4TiPb,0.0
Na2Zn2O3,1.2774
Ca(NiP)2,0.0
Ba4CuHg,0.0
MgBeNi,0.0
Hf2Ni,0.0
KSbF4,4.4372
BaCrCl2,0.0
Mg2PbO4,1.3125
Nd3Ho,0.0
Sr2ZnCd,0.0
Zn(MoO2)4,0.0
SmTlZn,0.0
ErNi5,0.0
Na6MnCl8,2.3948
Ho2S3,2.5379
BeCo2Hg,0.0
KTmI3,0.0
RbCuF3,0.0
Ba4HfRh,0.0
Ca2GeO4,3.8709
Ba4TaPt,0.0
TaAgS3,0.0
TiSn(PO4)2,2.0584
Be2GeW,0.0
Ga2RuRh,0.0
TbMnB4,0.0
PCl3,3.7712
VFeCoSi,0.0
Hg3Se4O5,1.7077
BaCo2(PO4)2,0.0
Be2NiGe,0.0
CoS,0.0
CaMnF5,0.0
Ba2AlSn3O8,0.0
BaZnPt2,0.0
Ba4HgP,0.0
Ac3Sm,0.0
BOsO3,0.0
YbCl3,0.0
SmSnAu,0.0
RbYbS2,0.0
BeVPb4,0.0
YbSn,0.0
BaTi4O8,0.0
YbO2,3.5711
TiTe3O8,2.7257
NaAlSi,0.0
Ba4LaGa,0.0
Ba4CoSb,0.0
Be2PdPb,0.0
RbNdTe4,0.3255
Sn2OF2,2.3782
BeRhPb,0.0
TbInPd2,0.0
RbNdS2,2.2522
LiAsO3,3.0757
CaFeO3,0.0
HfTl3,0.0
MgScBe2,0.0
Te4Mo2WS2,0.0
Ba(FeS2)2,0.0
SmZnAg2,0.0
Sc2TcHg,0.0
RbCu3S2,0.5909
AgF2,0.0
Ba4Sb2O,0.6154
Ba4FeSe,0.0
BeTlFe2,0.0
Ba4NaBi3O2,0.3247
ZnSnF6,3.7754
Li2MnSiO5,0.5351
NdGa3,0.0
K4Ba(GeO3)3,3.407
BaNa2Zr,0.0
Co2CuGe2,0.0
Ca2InPt2,0.0
PaO2,0.0
AsRu2Se,0.0
RbPrSe2,1.8688
Nd2Tl,0.0
TiCo3O8,0.0
CaSi2SnO6,3.1478
LiAuO2,1.3584
Ba4SiHg,0.0
CeCu2,0.0
CuI,0.9422
RuCl3,0.0
LiIn2Ir,0.0
Ba(BRh)2,0.0
Na2TiBe2,0.0
InFeRh2,0.0
Li2FeOF3,0.0
SrZnPb,0.0
Ba4PdCl,0.0
Li2MnP2O7,2.7003
Ba4SiPt,0.0
KBAs4,0.0
CaGaSnH,0.1872
Na4Cu(AsO4)2,0.8292
Mg3Br,0.0
MnOF2,0.0
YBe2Bi,0.0
Pr2SeO2,2.3229
TiSCl,0.0
BeGaCl4,0.0
Y2TiO5,3.2991
HoSi2,0.0
ZnH6(SeO4)2,4.2619
BaMg2Ta,0.0
Tl2CdSnTe4,0.3286
BeSi2Ir,0.0
LuGa5Co,0.0
Nd3Th,0.0
ScAlCO,0.3946
NaZrBe,0.0
GeAs3,0.0
KRbS,2.5043
Tb3AlN,0.0
AgCO2,2.2477
PrO,0.0
HfInRh2,0.0
Tm(CoGe)2,0.0
Co5O8,0.0
Be2ZnRh,0.0
Dy2S2O,2.5818
K2Hg7,0.0
SnC,0.7481
Hg3(TeCl)2,1.7616
Ba4IrCl,0.0
Ca3AuN,0.0
BiSeI,1.5290000000000001
Ba4TlGa,0.0
PtPbF6,1.9487
Li2O,5.9858
BrO2F,2.5444
KBeNb,0.0
Rb2MnF6,0.0
BeCu2Re,0.0
Sr3Sb2,0.0
HfFe2As,0.0
Ga(MoSe2)4,0.9684
K3Si,0.0
Sr2SO,2.2578
Hf2IrPd,0.0
Yb3V,0.0
TlCdRh2,0.0
K2AlPCO7,5.1745
BaZrO3,3.2504
ErHO2,4.2271
RuBr3,0.0
Ce3Ni2B2N3,0.0
K3Nd(AsS4)2,1.5203
Y2PdRu,0.0
NdH2,0.0
LiInSn,0.0
Ba4OsPb,0.0
PrSbTe,0.0
Ta4BeV,0.0
UTa2O8,1.2642
Tb(BIr)4,0.0
HoO,0.0
LiLuPt2,0.0
Rb2CrCl4,0.0
Hf2CuTc,0.2082
Ba3AsP,0.0
SmI2,0.0
Er(SiAu)2,0.0
KMgP,1.8719999999999999
H4NF,5.9769
MgBe2Mo,0.0
MnSeO3,1.0862
Ba4CdHg,0.0
LiNiP,0.0
BeSn2Br,0.0
PmMgCd2,0.0
PdN,0.0
Li4HfO4,4.6261
YCd3,0.0
NaPb3,0.0
BaTlSn2,0.0
Li2Cr2FeO6,0.0
HoCl2,0.0
ZrAl,0.0
BeCu2Bi,0.0
Ba2FeMoO6,0.3067
BeSb2Ru,0.0
YBe2Ni,0.0
LuInNi2,0.0
CeMgAg2,0.0
SrU,0.0
ScCuO3,0.0
LiMnPd2,0.0
PrCo2B2C,0.0
ErAu4,0.0
Ho2NiIr,0.0
Li2Ni2BiO6,0.0
RhCl3,1.4811
LiBeFe4,0.0
Ba4NaAuO8,1.9569
VAsW2,0.0
Sr2SnS3F2,1.9606
ScHg3,0.0
ScSi2,0.0
BeFeBr2,0.0
Zn2NiRh,0.0
AsPdRh2,0.0
Ac2IrAu,0.0
PmBiRh2,0.0
Ga3Te,0.0
Be2NbHg,0.0
LuInAg2,0.0
Y2Ge5Ru3,0.0
Np(SiNi)2,0.0
K3P,0.0
NdIn5Rh,0.0
BaLiRu2,0.0
MgBe2Ru,0.0
Nb3FeS6,0.0
ZrAlNi2,0.0
CrCoO4,0.0
CePPd,0.0
CuH6BrN2,2.31
LiMnF3,0.1652
Mg2AgAu,0.0
DyIn3,0.0
SiHgP2,0.0
Sm2Ag2O5,0.0
V2Cr3(SbO2)3,0.0
H2AuC4N,3.4013
HfBeTc,0.0
Ca(YbS2)2,0.0
Ho(BiO3)2,0.0
MgV4,0.0
NbFe3,0.0
NaBe2Rh,0.0
BePbSe2,0.0
Yb2GaHg,0.0
GeBr2,2.9238
Be2TeOs,0.0
SmBiPd2,0.0
K2TcI6,0.7311
NaBeNi2,0.0
V4CoNiO2,0.0
LiHoAu2,0.0
LiCu2PO4,0.6872
FeTeO3F,0.4873
LaSe2,0.0
ScCuSi,0.0
BaCdHg,0.0
TmBiPd2,0.0
Hf2BeW,0.0
Sc2CoOs,0.0
Ca(BH4)2,5.0234
TaTi2Be,0.0
NpTeAs,0.0
Y2InCu,0.0
LaHg2,0.0
Pr(BO2)3,5.6483
Tb(SiNi)2,0.0
BePCl,0.0
UTl2O4,1.5863
Be2PtBr,0.0
Ti3InC,0.0
Y2C,0.0
Ba2Ga2O5,0.0
TbCo2,0.0
MgMnPt2,0.0
SmMgGa,0.0
KO2,0.0
Tc3H,0.0
V3Fe3(TeO3)2,0.0
LiSm2Os,0.0
Zr2Ga,0.0
Ba2ZrPb,0.0
CaZrRh2,0.0
YbZrRh2,0.0
Er6I7,0.0
Rb3Y,0.0
HfBe2Sn,0.0
ZnCu2SnSe4,0.0
MgPd,0.0
KTa2Be,0.0
NaSr2Cd,0.0
SrCaTl2,0.0
MnCu2SnSe4,0.0
NaMgH3,3.6767
BaOsPd2,0.0
KTa(CuSe2)2,1.6549
Ba(PdS2)2,0.9689
BaTcPd2,0.0
ZnCdSe2,0.7122
TmPt2,0.0
PtSe2,0.0
In5AgTe8,0.0
Ta2Zn3O8,3.7391
Mg3Si4(HO)2,5.4395
Hf(TlTe)4,0.5402
Zr2Np,0.0
Al2Pt,0.0
Pr2Ti2S2O5,0.7867
AlFeRh2,0.0
AcCdHg2,0.0
Nd3GaN,0.0
Hf3Bi,0.0
Mg4BePd,0.0
AsF5,4.5305
SiSnPt5,0.0
CaMnO2,0.0
MgGe2WO6,0.0
BeNb2Cu,0.0
Ba3BiP,0.0
Li6FeCl8,0.0
Sm3V,0.0
PrCo3,0.0
HoAgSn,0.0
TbZn,0.0
NdTlAu2,0.0
Na3Al,0.0
Li2Nb2Fe3,0.0
Cr2GaC,0.0
PmNi3,0.0
LiCaAlF6,8.094
ScAg2,0.0
Ba4TlSe,0.0
K2TiBe,0.0
RbLiO,2.7001
K3AuO,0.5191
BaYFeCuO5,0.0
Ba4TcSn,0.0
Sr(AsRu)2,0.0
GaReAs,0.0
NaPH3NO3,5.4762
AsRuPt2,0.0
CaCl2,5.084
HfGaNi2,0.0
SrPIr,0.0
Li2CO3,3.8225
BeSbAs2,0.0
Ca2PrO4,0.0
Sc2ZnIr,0.0
Rb3Er,0.0
SbS,0.0
Ba2Mg7,0.0
As2O3,3.4064
V3AsC,0.0
PbAu3,0.0
SrP,0.6502
Li3Fe5,0.0
NaZnAs,0.4578
MgCuAs,0.0
TbAgHg2,0.0
TiBeV,0.0
MgRuO3,0.0
Pr5NiPb3,0.0
ErCl2,0.0
HoPaOs2,0.0
BaMnV2(AgO4)2,1.2789
ErGeBiO5,3.4513
RbZn4P3,0.0
Lu2CuOs,0.0
PrIn,0.0
YbBe3,0.0
FeTeCl7,1.1574
CaTa2Tl,0.0
HfFeGe,0.0
Mg2GeO4,3.2819
Dy(CoGe)2,0.0
AgSO4,0.0
Ba2CuBrO2,2.4444
Sc2NiPt,0.0
La(PRu2)2,0.0
Y4Sb3,0.0
NaH,4.8448
SmHoZn2,0.0
CdGeO3,1.6057
SiO2,2.2105
Sc3P,0.0
AcClO,4.4147
Sc2MnS4,0.5786
LiZnGe,0.0
BaYbCdSb2,0.2046
SmSnPt,0.0
Ca3BiP,0.2744
Sr(SbRu2)2,0.0
LuBrO,4.338
Li3Fe2(SiO4)2,0.3412
Mg(CoS2)2,0.7342
NbC,0.0
ScGa5Ni,0.0
Ba4TiGa,0.0
Li2CuAg,1.9634
KAgSe,0.5644
SmZn,0.0
BeGaBr4,0.0
K2HgO2,2.2511
HoGa5Co,0.0
RbIO4,2.4541
BaNa2(SiO3)2,4.5014
Te2Mo3S4,0.9141
MnBeGe2,0.0
DyBC,0.0
BeCr2Pt,0.0
TlCdCl3,3.1942
BaPtBr2,0.0
CdP4,0.4809
K2TcCl6,0.9946
Ta2N,0.0
Li4NbFe3O8,0.1031
LaNi2,0.0
Ac2ZnIr,0.0
BaCrF6,0.0
BaNaPb,0.0
V3Rh,0.0
CeCuSn,0.0
HfC,0.0
AuF5,0.8243
Li5Cu3Sb2,0.0
U2InCo2,0.0
TlCoF3,0.0
Mn2H2SO6,1.5401
YLuIn2,0.0
TaO,0.0
HoMn2,0.0
Ba2CdBr,0.0
LiSiBi3O7,3.0567
Nb2Bi2PbO9,1.2962
AsPd2Pt,0.0
ScNiSb,0.2629
Zr(VGa2)2,0.0
Bi4Te3,0.0
Li2FeBr4,0.0
HfGaCu,0.0
H3C4NF2,6.9988
HgMoO4,2.2831
Ag3SbS3,0.9578
Li2FeBPO7,0.0
Au(OF3)2,0.3828
LiVAsO5,0.0
BeGe2Bi,0.0
Mn(HO)2,0.0
Ga3Ni5,0.0
MnAl6,0.0
PrZn5,0.0
DyTaRu2,0.0
BeCo2Br,0.0
Y(MnSi)2,0.0
YbMn4Cu3O2,0.0
UGa3Pd2,0.0
NbTeI3,0.4446
Co2SnAs,0.0
Mn2ZnO5,0.0
CaSbPt,0.0
Ba3Ti3O8,0.0
CaFeWO6,0.0
Mn6OF,0.0
K2PtBr6,1.1131
Ta2CuO6,0.2794
Tm2BeOs,0.0
BaBiSe,0.0
Sc2OsPd,0.0
Y(CuGe)2,0.0
BeTcRh4,0.0
Cd(AsO3)2,2.1209
Ca(AlSe2)2,2.972
LuAlO3,5.4365
Yb2FeS4,0.0
KBePb2,0.0
TbBi2BrO4,1.4395
CaMgPb,0.0
Li2Se,3.252
Ba2CuWO6,0.0
Sm2Ti3(BiO)2,2.0559
DyCdAu2,0.0
K2TaCl6,0.0
Ba(NO3)2,3.5998
Ba2YTlFe2O7,0.0
BaScSe4,0.0
Cr2FeSe4,0.0
Nb2InC,0.0
TmMn6(GaSn2)2,0.0
ZrMnO3,1.4655
NaBe2Pt,0.0
TiOF,0.0
BeVIn4,0.0
Nd2Te4O,3.3182
Na3AsS3,2.5408
K2SiF6,7.8869
Ba4CdOs,0.0
BaMgCl,0.0
ZnSbF6,0.0
NaCuO2,0.5645
K3SbS4,2.07
VCu3S4,1.1799
Sc2TiO5,3.1495
SrLiNiF6,0.0
SiSn3,0.0
LiRh2Pb,0.0
YbMg2,0.0
RbFe(MoO4)2,0.0
Na3Ni2SbO6,1.1786
Ce2Zn4Ru,0.0
TiZnF5,0.1586
ScZn2,0.0
BaYTiCuO5,0.0
YBeZn2,0.0
ZnCr2O5,0.0
Mg3Bi2,0.0
KLiSO4,5.6179999999999986
LiLu2Al,0.0
Ta4S9Br8,1.1938
Na2TlBi,0.2226
KPt2S3,1.317
BaNiS2,0.0
K3MoF6,0.0
ZrBe2Cd,0.0
YBe2Te,0.0
Mn3V3(TeO3)2,0.0
RbNa2NiO2,0.0
AgI2,0.0
Sr3LiIrO6,0.0
Mn2SnRu,0.0
Rb(TeMo)3,0.0
Ga2S3,1.6765
LaNi2Rh3,0.0
MgBe2Os,0.0
Be2NiGe,0.0
HfBeSi,0.0
Li8N3O,0.0
BaSbTe,0.0
Li8BiS6,0.0
Ho2OsPd,0.0
Li2V2F7,0.0247
Ca2PAu,0.8222
NbC,0.0
YbIr,0.0
Tl2SiSe3,1.5189
BeHgSe2,0.0
Zn(CoO2)2,0.0
NbAsOs2,0.0
LiLuPd2,0.0
MnCu2Sn,0.0
AgPb3,0.0
Ho2Al3Si2,0.0
Zn3N2,0.0
HgBr2,1.4122
Nb5Te4,0.0
YAl2Ni,0.0
ScAu,0.0
Sm4Bi3,0.0
Ca3FeRhO6,0.3669
K3Sm,0.0
Ce2TeO2,0.0
ErGa3,0.0
Te4Mo2WSe2,0.3067
Li4Ti3Cr3(WO3)2,0.0
Li2Ti3FeO8,0.0
Dy2PbS4,2.2397
Ba4CrPb,0.0
Mg2Ge,0.0
Ca2BePt,0.0
VRu3,0.0
Sm2ZnIn,0.0
KScO2,3.6782
Nd3OsO7,0.0
Li(TiS2)3,0.0
V2CrFe,0.0
LaMnO3,0.0
KTlCl4,2.1241
LiP2WO7,0.8491
Nd2MgNi2,0.0
Ba4SiNi,0.0
LiB,0.0
CdCN2,2.3413
BeCr4In,0.0
Mn(AlTe2)2,0.3593
CuSe2Br,0.6664
PrPd,0.0
NbCoSb,0.0
CrPt3,0.0
Sr2YTi2TlO7,0.0
TiZnNi2,0.0
Li4Mn3V3Cr2O6,0.0
BaWN3,1.0977
NiMoP,0.0
CoO2,0.0
DyAu,0.0
AsP2Pd,0.0
TiZnPd2,0.0
Tm2ZnGa,0.0
Ba2CrBr,0.0
AuSe,0.0
SrMgBe,0.0
BeVRu,0.0
NdInAu,0.0
Lu2V2O7,0.0
BaZnCr2,0.0
Rh3(PbS)2,0.0
Li8Ni(O2F)2,1.2609
InTc3,0.0
ZrVF6,0.0
GaNi3,0.0
NaVS2,0.0
BeZnRu,0.0
CdPd2Pt,0.0
NbPd3,0.0
Ca2TlSn,0.0
Ta(ICl)2,1.0496
Yb3U,0.0
Li2Cr3FeO8,0.0
GaC3,0.0
MnSnAs,0.0
Pm2MgTl,0.0
Sr2Sb2O7,1.5212
CoI2,0.0
FeO,1.1172
GeBi3,0.0
Li2Mn4O5F3,0.3786
ThIn3,0.0
HoB2Rh2C,0.0
ZrI3,0.0
PrInRh,0.0
Li2VO3F,2.3797
P2W,0.0
Ca3SnS5,1.0155
CrInCo2,0.0
AlNiO3,0.0
MnGePd2,0.0
Li2VNiO4,0.0
Ti5Si3C,0.0
K2CO3,3.7307
InSb2Se4Br,1.0346
KAlF4,7.2303
NbCoO4,0.2631
Lu2AlTc,0.0
ScGeRu,0.0
Y2In,0.0
Ba2MgV,0.0
SrIn,0.0
ZrCl2,0.0
NaVSiCO7,1.543
TbN,0.0829
LiMgIn2,0.0
BeV2Pb,0.0
Ba4CrTc,0.0
SiSbOs2,0.0
HfAl3,0.0
CuSn,0.0
Pr3InO,0.0
LuBr,0.0
TbNi5,0.0
Ba2YbTaO6,0.0
TaBeGe2,0.0
ScBeOs,0.0
YCd2,0.0
MnPd2Au,0.0
PPbSe3,1.7485
Cd(HO)2,1.797
Zr3Sn,0.0
NbNi2Sn,0.0
Al5Co2,0.0
NbRu3,0.0
Rb3Sb,0.0
Ba4MoBr,0.0
PrSnPd,0.0
Na6CuO4,0.388
TiAsW2,0.0
ZrC,0.5448
K4Ba(VS4)2,1.5041
Ba(BIr)2,0.0
RuF6,0.0
HfFeCl6,0.0
Hf(Te2Cl3)2,0.9018
MoAsIr2,0.0
K2ZnF4,4.5396
Ca2BrN,2.393
PrGe,0.0
TiSiNi,0.0
Na2LiBe2F7,7.3132
Nb5N6,0.0
LuHO2,5.1042
Mg3Nb,0.0
CaRe2Si,0.0
LiTiRe,0.0
Y3AlO6,4.6708
Ba4BePt,0.0
CoCu2SnSe4,0.0
CaBe2Fe,0.0
KRb2Na,0.0
Cr2O3,0.7348
Na2Cu(HC)4,0.8979
Dy2O3,0.0
Na4Al3Ge3BrO2,3.9606
YbPrCd2,0.0
AgBr,0.0
TbMg,0.0
KBe2Mo,0.0
SnBr4,2.2176
Ba2CuSi2O7,0.29
Ba4ScGe,0.0
InTeI,1.4271
MoW3(Se3S)2,0.4533
Zr2SbP,0.0
Sc2ZnSe4,0.0
Mg2BeOs,0.0
HoSnO3,0.0
Li2CaGeO4,4.4311
NaClO2,2.5541
HfBe2Mo,0.0
KCdAs,0.0
BaLaSc,0.0
LiTbO2,4.752
Zn4B6SeO2,4.5623
Na3BS3,2.6835
HoCuS2,1.7341
Ti2MnGa,0.2092
Sr(CoGe)2,0.0
CBrN,4.8958
VFe2Sn,0.0
NdZn2Ag,0.0
Zr(CoSi)2,0.0
BeVPt,0.0
Yb2Se3,0.0
Ca3SbAs,0.0
CuB(CN)4,3.3117
MoWSeS3,0.825
Sr2SmTa(CuO4)2,0.0
La(Fe2P)2,0.0
UAs2,0.0
AlAs,0.0
Re3Ir,0.0
Na2Ca2(CO3)3,4.8822
Ti2AsP,0.0
KBaSe2,0.0
Y(SiIr)2,0.0
YbCu,0.0
Mn2ZnAs2,0.0
SmAgAu2,0.0
HoGa2,0.0
SrBeNi,0.0
CuBr,0.3559
TlPt2Se3,0.3992
KLiS,3.347
Te4Mo(WSe)2,0.2602
TaBeSn,0.0
BeZn2Mo,0.0
Tc7B3,0.0
TiBe2Hg,0.0
Na2Si3O7,5.1303
Li5MnF8,0.7953
BaH4(IO)2,3.9884
BeGa2Co,0.0
SrMg4Be,0.0
Te2Os,0.0
DyNiSb,0.2782
SmBr3,2.6911
Ba4YNb,0.0
LaScSi,0.0
Zn(Sn2O3)2,0.0
Tb2Al4NiGe2,0.0
ZrAlRu2,0.0
UAsP,0.0
Li3V3O5F3,0.0
BeSiIr2,0.0
HoAlNi,0.0
NpSe,0.0
AgTeNO5,1.9101
Ba4TeOs,0.0
Sr(H2O3)2,3.1298
YInCu2,0.0
Na3YCl6,5.3001
NaTlO2,0.7147
BaZr4Ni,0.0
DyMgTl2,0.0
BeCd2Fe,0.0
Ta2NbOs,0.0
BaH2,2.9992
BaMg2FeH8,1.5242
LiPmTl2,0.0
Er3AlN,0.0
Ca2TaSbO6,0.8887
BaZrSb,0.0
KSmPdO3,0.7125
Mn3Mo3C,0.0
GaGeTe,0.0531
NbHO3,2.3341
ErSnPd2,0.0
Bi2O3,0.0
LiScPt2,0.0
AlMoO3,0.0
Li4Mn2Ni3,0.0
SrS2,1.5845
BeIn2Ge,0.0
FeCuRh2,0.0
ErIr2,0.0
BaYCuTe3,0.6378
TaBe2Hg,0.0
Hf4TiBe,0.0
ZrAlCu2,0.0
CdSnF6,3.8587
CaBe2(PO4)2,6.1344
Sb4Br2O5,2.41
Dy2C,0.0
BaZnSn,0.0
Rb2CoI4,0.5275
CdHgO2,0.4629
Mn3TeO8,0.0
AcTlAg2,0.0
FeCuC5N6O,0.9828
TbMoClO4,2.577
BeFeRu2,0.0
Lu(MnGe)6,0.0
MnSe,0.0
LiSn4Ir,0.0
NaYS2,2.3255
NaAg2,0.0
Be2SiPt,0.0
Ba4CaIr,0.0
CoSe,0.0
BaTbMn2O5,0.0
NaPmHg2,0.0
HoAl3,0.0
Nd2AgIr,0.0
PmYAl2,0.0
Ti(WO4)2,1.0868
Pd(Se3Br)2,0.8066
TaAl3,0.0
Mn(SbS2)2,0.2249
Ba(TlHg)2,0.0
UWC2,0.0
Li7Mn5O2,0.0
TiTe,0.0
V3Cu,0.0
Ca3Ge3(MoO)2,0.0
CaBiClO2,3.6306
CaPd,0.0
YMnO3,0.0
K2CuCl3,2.3726
Sc3CoC4,0.0
Lu2Co2O7,0.0
Ba3Bi2TeO9,2.1692
NaBe2Ir,0.0
Na2PtC2,0.542
CaScHg2,0.0
K2Te,2.1866
Sr2LiIn,0.0
Tb(AlSi)2,0.0
Y3H2,0.0
Tl2SO4,4.1512
CeFeO3,0.0
CrO2,0.0
Ru3I,0.0
Ca2Ta2O7,2.2837
TiSiOs2,0.0
Be2BiBr,0.0
YPd3C,0.0
YbHO2,0.0
Sm2TlHg,0.0
BeRh,0.0
ZrNiSn,0.0206
K2ScSi4F,4.8648
Li2MnFe(BO3)2,0.0156
Dy6FeTe2,0.0
AgClO2,0.8995
SrBe2Te,0.0
Er(MnGe)2,0.0
PmN,0.0
Mg(AlSi)2,0.0
BaBe2Ge,0.0
UAg3,0.0
Mn2V2O7,0.1229
Ge2N2O,2.363
LiVCoO4,0.0
SrBeTl,0.0
BaCaAlF7,7.4425
BaMoIr2,0.0
UAs2Pd,0.0
TlP,0.0
LiAl,0.0
LuPd,0.0
PmSnPd2,0.0
P2Se5,1.0489
Ca(BiO3)2,0.4449
HfBe2Se,0.0
PrSmO2,0.0
ErPb3,0.0
KZrBe,0.0
Ca(PrTe2)2,1.1658
ThH2,0.0
LiZn2Pd,0.0
Bi2PdO4,0.0
UCd,0.0
RbCdAg3(CN)6,2.5269
Rb3Pb,0.0
TiNiO3,0.7808
TeBr2,0.6726
Sr2GeS4,2.2071
NaFe2O3,0.0
KPtO3,0.0
NaAlH4,4.8653
Yb2CdSn,0.0
Sr2MgReO6,0.0
UTeO,0.0
PrFePO,0.0
ScRu,0.0
SmPbAu2,0.0
XeF2,2.3021
LiTaW2,0.0
MgCuSb,0.0
LaSc3(B2O)2,4.4103
V6O5F9,0.534
Al4CN3O,0.2861
ErCuSn,0.0
SmHg2,0.0
NaTa3O8,2.7345
Be2PBr,0.0
Ho(SiPd)2,0.0
Rb2Na4Co2O5,0.1643
Be2ZnCo,0.0
MnGeN2,0.3731
Li3Pr,0.0
CeP3H8O7,4.4307
LiAl2Rh,0.0
Er4Sb3,0.0
WN,0.0
PrMgCd2,0.0
YbNbRu2,0.0
BeSiTe,0.0
Ce(NdS2)2,0.0
TeW2S3,0.1077
Ba2TlFe2O7,0.0
ScAsP,0.0
UTe2,0.0
HfAlFe2,0.0
K2BeOs,0.0
BeFePt,0.0
Sr4Br6O,3.6993
BaNaBr,0.6093
HfGaCo2,0.0
Hf2GaSb3,0.0
Be2FeBr,0.0
KRb2CrF6,2.3951
Fe2OF3,0.0
PrRuO3,0.0
YInPt,0.0
Cr3Cu,0.0
Cd2Os(CN)6,2.3995
LaBeCd4,0.0
BeNbSe2,0.0
Tc3Ni,0.0
Pm2SiHg,0.0
Be2NiTe,0.0
ZrIr,0.0
NaCa2Al,0.0
CeYTl2,0.0
CIN,4.3009
Li4Fe3Co3(SnO3)2,0.0
TaGaNi2,0.0
Pr2Te2O7,1.5936
Th(SiPt)2,0.0
ScBeIn,0.0
FeCuS2,0.0
AgPt3,0.0
ZnH4(ClO3)2,2.8204
V2ZnO6,2.1895
CaCdSi,0.0
Rb2S5,1.6794
LiSb3O8,1.1171
Ba2YV,0.0
Ti2NiSe4,0.0
Ba2TiRe,0.0
Be2TlSe,0.0
Hf3(Cu2Ge)2,0.0
Ba2CrSn,0.0
SnTe,0.0
Nb3Cl7,0.9087
Sc2BeNb,0.0
Sm(GaPd)2,0.0
TlCu4S3,0.0
PuB6,0.0
Rb3(Cu4Se3)2,0.0
Ba4ZnGa,0.0
Cr2B,0.0
Ho2RuAu,0.0
Be5Au,0.0
Cr3Co,0.0
LiVWO6,2.7539
P2Pd,0.5533
PrAgPb,0.0
NaBO2,4.487
LiGePt2,0.0
Lu2BeOs,0.0
BeIn2Bi,0.0
Li2V3FeO8,0.0
BaNaZn,0.0
V4GeS8,0.0
CrO,0.0
RbNa2BO3,3.4134
GaCuPt2,0.0
ErInAu,0.0
V5As3,0.0
CuAs,0.0
PuB2Rh3,0.0
TaFe2Ge,0.0
LiErSe2,1.6486
Ba2CrPb,0.0
KLi6BiO6,1.4784
Rb5FeO4,0.5378
NdHg,0.0
KCu2P2H3(O4F)2,0.3459
PrZr3F5,6.0686
TaBe2Bi,0.0
PBr3,2.9922
CaSi2,0.0
HfBeCu,0.0
Sm(SiAg)2,0.0
TmSi2Ni,0.0
CoO,0.0
CeZnGe,0.0
LuAs,0.0
Sr3Fe2Cu2S2O5,0.0
La3In,0.0
Na3VH6O7,3.891
Li2SbPt,0.0
ZnAsRh2,0.0
Bi2TeSe2,0.6184
Ba4RhPb,0.0
HPbBrO,3.233
BeMoPd,0.0
AsRh2W,0.0
Zr2Pd,0.0
Mg2FeH6,1.9345
Be2CoPb,0.0
Zr3ZnN,0.0
Sm3AlN,0.0
SrCaGe,0.4713
BeCdIr2,0.0
Pr3Si2S8Cl,2.7549
Pr3Hf,0.0
SrLi2Sn,0.0
Ba4GaMo,0.0
K3SbSe3,2.2436
ErGePd2,0.0
AlVO4,2.9595
Ac2IrPd,0.0
LaVCrO6,0.0
BeCo2Bi,0.0
Be2PtSe,0.0
ScCdHg2,0.0
Ho3Pu,0.0
YbLuRh2,0.0
Ba4GaPb,0.0
Ba4TcSb,0.0
BeZnP4,0.0
Li5Mn7O2,0.0
TaTiTc2,0.0
Li3Mn3CoO8,0.0
Mn(GaSe2)2,0.7209
Ba4NbCd,0.0
K2Mg2O3,3.3247
SrF2,7.0719
BaAg,0.0
Sm3GaC,0.0
PrAlPt,0.0
HfRh,0.0
Ba2Ho(CuO2)3,0.0
BeSiTc,0.0
ZnGeP2,1.0535
Tm5Mg24,0.0
Pr6Cd4Pd3,0.0
Al3Bi5Br2,1.6168
Bi2Te5Pb2,0.0
Li2YbPb,0.0
Bi2TeO6,1.3118
Ca2Ti2O5,0.0
LiSiIr2,0.0
Fe(NiSe2)2,0.0
KHS,3.4429
Zr2BeCr,0.0
Ti3Ir,0.0
SrBe2Zn,0.0
PrSi,0.0
SrBe2Ge,0.0
LiZnO2,0.0
VZnF6,0.0
RbBr3,0.0
TiBeHg,0.0
Ba4VRu,0.0
LaBe2Rh,0.0
BaCa(GaO2)4,3.2104
HfGePd,0.0
Tl2GeSe3,0.9674
TlZn2Tc,0.0
Al2CrIr,0.0
Ca(Cu2As)2,0.0
Sm(GeRu)2,0.0
Li2GaSb,0.2062
NaAlGe,0.0
SrLi2Nb2O7,1.5107
Ca(FeP)2,0.0
U3Si2,0.0
RbNdTe2,1.2878
Yb2Ru2O7,0.0
MnFe(PO4)2,0.0
PuPd,0.0
ScBeTc2,0.0
Tb4Mg3Co2,0.0
BeSnGe4,0.0
CeNiSb2,0.0
AuF3,1.5044
Ba4BeCd,0.0
NpGe3,0.0
K2Li3GaO4,3.8326
CoCu2Sn,0.0
ZrS,0.0
NbRu,0.0
LiZn2Ni,0.0
Y2(NiB2)3,0.0
Cr4Cu3Se8,0.0
Nb2AsC,0.0
Li4Mn3Fe(P2O3)2,0.2967
ZnCu(GeO3)2,0.0
MnPO4,0.4548
AgCl,0.9252
MgZnAu2,0.0
ZrPbS3,1.2664
LuScZn2,0.0
LiLa2Al,0.0
U2AuF,0.0
HfAgB,0.0
Tl3VSe4,1.5321
SiRu2,0.0
Rb2GeS3,2.1362
YbErZn2,0.0
TaF5,3.5482
HfScBe,0.0
YbRu,0.0
BaTiBr,0.1693
H6CIN,4.1528
Hf2VTc,0.0
SrSn3Pd,0.0
Mo6PbS8,0.0
CaInBr3,3.1518
Ba4MgTa,0.0
BaMoBr2,0.0
BaNaP,0.8641
Sm2MgGe2,0.0
NaGa(GeO3)2,2.7212
Rb(MoS)3,0.0
NdScO3,4.311
Zn(WN)2,0.0
Sr(MnGe)2,0.0
PbI2,2.2542
KBa4Ir,0.0
Tm6CoBi2,0.0
RbPbF3,3.4987
AlFe3C,0.0
TiSnPd,0.5263
Ba2ZnF6,5.0411
Rb2TeBr6,1.9247
NaLuO2,4.6982
BaNa2Hg,0.0
SmTh,0.0
LiBe2V,0.0
LaSi2Ru3,0.0
SmInAu2,0.0
Ta2H4O7,0.3101
ErPaTc2,0.0
VSe,0.0
Si(O2F3)2,6.6242
Ba2H3I,2.2708
BeCu2Os,0.0
K3Na2LiTeO6,2.4631
BeCuBi,0.0
USb,0.0
Ga(MoS2)4,1.2382
Lu2TcPd,0.0
NaTa3,0.0
SbSCl9,1.4029
HoCu5,0.0
ErCo3,0.0
SrBe2Sn,0.0
SrBeCl4,0.0
Ge2N2O,2.701
LiBe2Ni,0.0
ErCu,0.0
ZnAgAs,0.0
TaBeZn2,0.0
Sr(FeAs)2,0.0
Yb2HgPb,0.0
Nd3I,0.0
Tl2Te3,0.5928
PrNiSn,0.0
YScBe,0.0
Cr3Rh,0.0
Li4Ga3Si3BrO2,4.0418
BaVClO3,1.9302
TiFe(BiO3)2,0.0
ZrIr3,0.0
Zr2Te2P,0.0
TiFeCoSb,0.0
BPt2,0.0
CuClO2,0.6175
ScH4Pd3,0.0
Ba4GaPd,0.0
RbH2OF,5.7105
Tl3Ir(N3O)2,0.0
Re3Sb,0.0
Na4BePd,0.0
SmSb,0.0
Ba4SnW,0.0
Ca2YBiO5,3.0356
SrCu2GeS4,1.0979999999999999
Cu3O2,0.0
BaYMo2,0.0
Ta5B6,0.0
BH5CN2,5.3852
RbCa2Nb3,1.5692
CrN,0.0
TeAsRu,0.0
Ta2Co,0.0
Li2FeP2O7,0.0
Na6S2O9,3.1814
NaErS2,2.3589
NdMgGa,0.0
Ca7Ge,0.0
Tm2Ru2O7,0.0
Mg2SiO4,4.0209
CaCeMg2,0.0
TiBe2Bi,0.0
Be2PRu,0.0
Ba4CuOs,0.0
BaCa2Sn,0.0
NdFeAsO,0.0
Tl3SbS3,1.4495
PrS2,0.0
BaTlCd,0.0
BeCr2W,0.0
PNF2,5.4478
Ba4TaBe,0.0
BeIr4W,0.0
ErF3,8.0942
Nd3TlC,0.0
Ba4InCl,0.0
U(FeB3)2,0.0
ZnCr3,0.0
LiSc2Au,0.0
Na2NiO2,0.6786
Mg4H2O5,4.5466
DyAgSb2,0.0
CrAsPt2,0.0
Nb2Te6I,0.4997
Li2B2S5,2.4894
Ti4NiBi2,0.0
Yb(NdS2)2,1.6903
Al2S3,2.3047
Ti2O,0.0
PmH3,0.0
Th(GePd)2,0.0
CeSc3(B2O)2,3.466
KBaCd,0.0
GaPS4,2.0816
Sm3Si,0.0
ThC,0.0
Ho(CoSi)2,0.0
KErTe2,1.3307
LiGa2Ru,0.0
YbHgPb,0.0
Cd(CN)2,5.5105
Ca2AlSbO5,2.6347
Hf4BeRh,0.0
SrGaCu2,0.0
BiTeIO3,2.3584
BaTi2Cu,0.0
K2TbF6,0.0
BeTc2Hg,0.0
In2HgTe4,0.4042
LiCe2Ru,0.0
SrMgH4,3.0501
BeCdCo2,0.0
BaSiP2,0.0
Dy(Ni2P)2,0.0
LiMn2Fe3O8,0.0
Ba2YBi3O8,0.0
Pr(Re2Si)2,0.0
Sm3Ga,0.0
K(FeAs)2,0.0
LuB2Ru,0.0
HfI4,2.0517
NaNd2RuO6,0.4565
UCrC2,0.0
YbGeO3,1.2162
LiZnAu2,0.0
CdAsRu,0.0
Te2Mo(WS2)2,0.0
BaCaTi,0.0
Ti2Pd,0.0
YGa5Co,0.0
LuAlPd,0.0
LiIn2Ru,0.0
Pr2CdAg,0.0
PmY,0.0
Hg2SO4,2.3035
Ba3SbAs,0.0
Mn2ZnN2,0.0
Ti(CuS)4,1.473
YTiBe,0.0
Mn5O9F,0.1254
NbCrCo,0.0
BaSc4Ru,0.0
Li2TiFe3O8,0.0
NaPd3,0.0
Dy(CoSi)2,0.0
Mn(RhO2)2,0.0
Dy2Re2Si2C,0.0
Ba2LiReO6,1.8785
TmSiRu,0.0
Ag5(PbO3)2,0.0
Ce4ThO9,0.0989
Mo2Se3S,0.4537
V5Si3,0.0
U3O5,0.0
W3C,0.0
PtC,0.0
PrTa3O9,3.3413
Be2GaP,0.0
LiGaAu2,0.0
Ba4BePd,0.0
BaSi2Mo,0.0
AsPAu,0.0
ScSiRh,0.0
Sm2Co2P7,0.0
BeV2Hg,0.0
Na2FeNiF7,0.3135
Pr2CdNi2,0.0
BiSbO3,2.0282
BaVS3,0.0
H4IN,3.8431
Fe3OF7,0.0
ThCoSn,0.0
Rb2TlAu3,0.0
Tl2O3,0.0
YSnO3,0.0
Dy(FeSi)2,0.0
PrNbO3,0.0
Li2FeSiO4,0.0848
TaBeIr,0.0
Mg(VS2)2,0.0
Mg2SiPt,0.0
KBe2V,0.0
Mg2Ta2SnO8,3.04
Li2LaPb,0.0
MgBe2V,0.0
KTlO2,0.9952
Mg2V2O5,0.0
NdLuTl2,0.0
ZrBeTe4,0.0
Yb2AlSi2,0.0
CaBeOs2,0.0
Zr(TiGa2)2,0.0
Hg(Mo3S4)2,0.0
BaZrSe2,0.0
YBe2Ga,0.0
TbGeO3,0.0
SmB2Rh2C,0.0
CrAuS2,0.4423
LiBeGe2,0.0
Be2VIn,0.0
SrBe2Tc,0.0
Nd3InC,0.0
NaPr(SeO4)2,3.5436
BaScBr,0.0
CrCo3O8,0.0
NdMnGe,0.0
SmMg2,0.0
Yb(ZnAs)2,0.436
NbFeF6,0.0
NaTbS2,2.2922
SmCoGe,0.0
ZnSiNiO5,0.2046
TmNiBi,0.1264
HoPt2,0.0
NaVSiO4,0.0
GaFeIr2,0.0
Li2InRh,0.0
Ca2ZnAg,0.0
InI4,2.3743
Ca2V3O8,0.0
UB2Ir3,0.0
LiEr2Os,0.0
Ba4ReTc,0.0
Nd3Ni3B2,0.0
ErCd3,0.0
YbSnAu2,0.0
Ca(BiO2)2,1.0673
PmGaAg2,0.0
K2NaHg,0.0
Nb3Cr,0.0
Cu2NiSn,0.0
Sm2Se3,0.3589
Sr(GaAs)2,0.3114
PrMg(NiO3)2,0.0
Zn3GaB6PO2,4.1658
KNi(PO3)3,1.5445
MnAs,0.0
Ce(CoGe)2,0.0
SnB,0.0
NdPIr,0.0
Ti3Al2NiO,0.0
MoP2,0.0
U2Al3Os,0.0
InAgSe2,0.0
TbGaI,0.0
Sm3RuO7,0.1513
BeBi4Rh,0.0
MnInNi2,0.0
RbScO2,3.5378
BaMnGe,0.0
Cu3Sb,0.0
TiFe2Sb,0.0
Be2SbCl,0.0
SbPbClO2,2.0872
MnTe2,0.0
Pa3Al,0.0
KBaCd2,0.0
Be2TlRe,0.0
HgHOF,1.3947
Li6MnCrP2(CO2)2,0.8569
ThSnPd2,0.0
Li6Fe(SiO4)2,0.3146
CeTlAu2,0.0
BaPbO3,0.0
LiTbHg2,0.0
TaCoTe2,0.0
TbBS3,2.4241
CaBe2Ge,0.0
LiSc2Tl,0.0
V4GaS8,0.0
PbIBr,2.5328
BeCuRe,0.0
LiY2Pt,0.0
Ti2ZnO5,3.0249
Ba4SnP,0.0
Ca2SiO4,4.4991
Ba4ZnSn,0.0
ScTlTe2,0.0
Be2ReGe,0.0
CoPO4,0.0
BeIn2Mo,0.0
MgPd2,0.0
BaTlZn,0.0
Dy4MgRh,0.0
U3Pa,0.0
Lu2Si2O7,5.0013
BeInGa,0.0
Lu6Sb2Mo,0.0
Be2FeNi,0.0
LiHf2Tc,0.0
CeAl4,0.0
Al2Cu,0.0
PmTlAg2,0.0
TlBS3,1.6921
Sm(BRh)4,0.0
BaSb2F2,4.6052
BeTlCl2,0.0
Ti(CrTe2)2,0.0
Er5Rh3,0.0
Na2ZnGeO4,2.7799
Cd(GaTe2)2,0.9695
Ta2InC,0.0
ScBeRh,0.0
CaCdHg2,0.0
DyInPt,0.0
DyAlB4,0.0
TlCoW,0.0
Be(GaPd)2,0.0
HoCoSn,0.0
ZnFeF6,0.0
Cu2PbO2,0.767
Ca(TiS2)4,0.0
NaFe(SiO3)2,0.0
ScAu4,0.0
ErTaO4,4.0649
Fe6O7F5,0.0
ErSiRh,0.0
NiF3,0.3332
RbNiO3,0.0
CSO,4.6419
K2PdF6,2.0104
YHo3,0.0
CoMoH2SeO7,0.193
MgTe2,1.1002
Mn3CrO8,0.0
Sm3(CoGe2)2,0.0
Be2TlRh,0.0
EuSb2,0.0
Rb3Tl,0.0
Ba4ReCl,0.0
LuAgPb,0.0
Ba4ReHg,0.0
BaNaV,0.0
K4CdP2,0.8805
GeTe,0.4946
Tm2TeO2,0.5608
ZrBrN,1.8722
HoHfOs2,0.0
Pr5CuSe8,0.9998
LiZn2Au,0.0
Zn(CoS2)4,0.0
SrTiBe,0.0
TaBePt2,0.0
SCl,2.5314
FeCu2SnS4,0.0
CdTe,0.0
Ni3S4,0.0
Al2Fe2O7,0.0
BaLi2Tl,0.0
TbCuS2,1.2627
TmBeO3,0.0
Tb(CuGe)2,0.0
U3O8,0.0423
Li3Al2FeO6,0.5089
RbMgF3,7.6494
Ce(SiIr)2,0.0
CeTe,0.0
Ba4AgAuO6,1.9949
NdSbO4,2.3025
Rb2Zr2O5,1.8849
TlF,3.0971
Hf2FeTc,0.0
ZnSb,0.0602
Pr2S2O,2.3483
Li7BiO6,1.8957
CaVO2,0.0
LiAlTe2,2.4948
YbScO2,0.0
Pr2O3,3.6869
LiAl2Ni,0.0
Mo2W(Se2S)2,0.5456
Ba4YSb,0.0
KBe2Pt,0.0
TbPd,0.0
CuH2SO5,0.4817
Sc3InN,0.0
Hf2TaN3,0.0
KZrBe2,0.0
AlFe3,0.0
BeGePd2,0.0
V4O3F5,0.1005
OsO2,0.0
PbSe,0.6357
YMgAl,0.0
MnGaRu2,0.0
RbMo6Se7,0.0
MgBeNi2,0.0
HfBeGa,0.0
PrAg,0.0
Ca3In,0.0
BeCoBi,0.0
Tb2TeO2,1.3522
HfNi,0.0
FeCuO2,0.0
TmSb2,0.0
KBaZn,0.0
Ba4PbW,0.0
NiMoP2,0.0
Mn3(BO3)2,0.8758
LiReO3,0.0
BeSbTe2,0.0
Li2PrO3,0.0
Mg2SiNi3,0.0
Ga2NiS4,0.0
BeNbBi4,0.0
Fe4OF7,0.0
Rb2PdC2,1.8203
ZrGaPd2,0.0
B3Ru2,0.0
ZnReO4,0.0
Na3(GePt)4,0.0
TiPt,0.0
TePdI2,0.0
Rb2HgO2,2.1976
Ca(AlSi)2,0.0
BiPt,0.0
Re3Ge,0.0
BaNiPd2,0.0
ScSb,0.0
H6CNF,6.1632
CeSiRh2,0.0
Te4MoW3(SeS)2,0.141
V3S,0.0
Ba4ScOs,0.0
Bi2Pd,0.0
Ba4BeTc,0.0
Hf2RuRh,0.0
ErAl2,0.0
SmRh2,0.0
Hg2GeO4,1.0938
MnZnRh2,0.0
PmGaAu2,0.0
Tm2AlSi2,0.0
Ca2AuN,0.0
Y3Th,0.0
Na2ZnS2,2.3784
SiSe2,1.6139
TcN2,0.0
Fe5Si3,0.0
AcTlTe2,0.922
Ca(DyS2)2,2.201
Sr2GeSe4,1.6043
La2Pd2O5,1.1862
ScBeCl,0.1379
YMgGa,0.0
CaAg2Sn,0.0
Ba4ScSi,0.0
LiNi2Sn,0.0
CaFeClO2,0.0
TmAs3,0.0
YbInAu,0.0
CePd5,0.0
MnAlTc,0.0
Li4Ti5(FeO2)3,0.0273
USi3,0.0
LiBeGe,0.0
BaHf2As,0.0
YbAl2,0.0
Ho6CoTe2,0.0
SmTlS2,1.9913
NbFeO4,0.0
BaPbCl,0.1721
BeCoTe,0.0
AuBrO2,0.0
Be2RuBr,0.0
Cu3BiS3,0.7762
Li2AsAu,0.0
CeAsPd,0.0
HoErCd2,0.0
BeGaTc2,0.0
MoIr3,0.0
ZrCuSi2,0.0
K2LiBe,0.0
ZnFeRh2,0.0
TaTiAl,0.0
RbLiCrO4,2.7933
Na2Ta4O,3.5238
HfNi5,0.0
Mg2CdPb,0.0
Ca(ClO3)2,5.2375
P2Os,0.7974
BeBPt2,0.0
BeZn2Bi,0.0
MnS,0.0
Mg3Al,0.0
YbBiPd,0.0
LiMnNiO4,0.0
Be2CdCu,0.0
Ba2In2O5,0.8722
Pr3Te4,0.0
Mn2BeIr,0.0
KNaNdNbO5,3.4726
Ti(SeO3)2,2.4614
NaCa(PO3)3,5.7798
K8PO3,0.0
BeCo2Se,0.0
NaHoO2,4.4787
Ca2B5Os3,0.0
CuCl2,0.0
LiGaHg2,0.0
LiAc2Ge,0.0
BeSn2Pd,0.0
CaSbO3,0.0
Be2NbIn,0.0
BMo,0.0
Na3ClO,2.2609
NaHF2,7.1362
BaSc4Co,0.0
SnRh3,0.0
NaNiIO6,1.1621
CdIrO3,0.0
Sr2CuF6,0.0
HfSb3,0.0
Li2CdGa,0.0
DyZn5,0.0
BaNd2CuO5,0.6913
BaHfO3,3.6828
Rb3B2H2I,4.8437
Ho2Mg,0.0
CaPdF4,1.0099
YbZnSn,0.0
TaAsAu,0.0
BeNbZn2,0.0
Rb2SiF6,7.601
Li3Mn5(CuO)2,0.0
BeCdRu2,0.0
Ca2CoO3,0.0
ZnPb3,0.0
BeCdSi2,0.0
NbZn3,0.0
NaMgAs,1.1575
P2O3,3.8195
Ce3(BN2)2,0.0
Ca2TlPb,0.0
SrC2,1.8606
MnBe2Ga,0.0
SmMgZn2,0.0
Dy2TlAg,0.0
Li6TeO6,3.0954
Tm3FeSi3,0.0
Li2FeSi3O8,0.612
Y2HgPb,0.0
Ba4TcPd,0.0
Lu2V2O7,0.0
NbI5,0.5419
V6C5,0.0
Mn2BeHg,0.0
ScBe2Bi,0.0
Ca2BeCr,0.0
CeFeSi,0.0
Mg(SbO2)4,0.0
Ba4VSb,0.0
NaTi2O3,0.0
AgIO3,1.7294
USeS,0.0
LuVO4,2.7467
ZrZn3,0.0
TaMnAs,0.0
HfBe2Fe,0.0
YbNiB4,0.0
NbTlO3,0.3672
KBH4,1.3002
ZrGaPt,0.0
KCr2FeO8,0.0
BaNaTa,0.0
Ni2GeO4,0.5924
BW,0.0
LiIn(I2O)2,3.2498
TiBeHg,0.0
Mg4BePb,0.0
Nd2SO2,2.9916
YPPt,0.0
Pa3H,0.0
Ho6FeBi2,0.0
MoO3,1.9201
NpO,0.0
AcTe3,0.0
Mg2Ni,0.0
Pr2CuO4,0.0
InAgSe2,0.0
SbKr3F,1.3077
YbB2Ru3,0.0
YRh2,0.0
NaAlO2,4.1454
Hf5Pb,0.0
ScZn2Au,0.0
BaSr2Te,0.0
HoGeO3,0.0
Ba3(BrO)2,2.4569
Li2RhAu,0.0
K3TaO8,3.2322
Ba2Hf7O6,4.1465
Dy2Mn2O7,1.085
BaBiW,0.0
BeV2Ge,0.0
Si2TcRh,0.0
BeSiBi2,0.0
BaBAsO5,3.6559
Lu7(TePd)2,0.0
Al4CO,0.0
Ti2AlTc,0.0
CeGaGe,0.0
BeCrNi2,0.0
Tl2Ni(CN)4,2.431
Nd3Si,0.0
SrP3,0.0652
LaSiBO5,5.2857
TeIr,0.0
KBeCd,0.0
BaSc4Mo,0.0
Ba4MoP,0.0
ZrNi2Sn,0.0
Tl2MoCl6,0.0
KZr2Nb,0.0
Be2ZnRe,0.0
Ti2AlZn,0.0
SrBeTc,0.0
Fe3C,0.0
In2S3,1.0007
TiMn2Ge,0.0
SmYIn2,0.0
YMo3O8,0.0
Sr(SiAg)2,0.0
LiGaCu2,0.0
Rb2SiS3,2.8373
Li2O,5.448
Ho(TiGa2)2,0.0
Lu2MgS4,2.0295
ErZn5,0.0
LiTl3(MoO4)2,3.6916
Th(CrB3)2,0.0
Ba3Zr2O7,3.2267
Mg(SnO2)2,0.0
KGeCl3,1.3607
Ba4HfTa,0.0
BeFeCu4,0.0
Zr2Be2Tl,0.0
Pm2AgPt,0.0
LiVO2,0.0
Nb3Ni,0.0
ScBi,0.0
BeVSe,0.0
SnTe3O8,3.3415
Be2NbRh,0.5625
BaNi2(AsO4)2,1.0
Pm2RuAu,0.0
LiYbF4,0.0
HfCdRh2,0.0
SrCdO2,0.0
Sc2BeGe,0.0
Y3BrO4,4.4891
PrAl3(B2O)2,5.1126
KYbSe2,0.0
Zr2CoPt,0.0
BeTcPd,0.0
Sc2InC,0.0
Hf3Au,0.0
YbPb,0.0
NbAsP2,0.0
PW4Cl,0.5323
Al2CuO4,0.0
SmCoSi3,0.0
CuSe3Br,0.8959
SbS2NF6,2.5391
Sr2TiBe,0.0
CuAgO2,0.0
KCuSe,0.3617
Sm2MnNiO6,0.4804
Li2YbSn,0.0
Sm3Th,0.0
ScBeCr2,0.0
PBr,0.0
Lu2OsPd,0.0
LiCo2O2F3,0.0
MgBe2Pb,0.0
SrPd2,0.0
RbNiBr3,0.5053
Re2N,0.0
Ba2YBe,0.0
ZnAg2GeO4,0.0
Li5Mn3Nb2,0.0
Lu2(NiB2)3,0.0
LiFeRh2,0.0
Ba2TlSn,0.0
MnCN2,0.0
Zn2PdAu,0.0
CrPO4,0.4095
SnB4O7,3.7536
Sr2CdAg,0.0
Ba2InSb,0.0
Sm2IrRh,0.0
ErInCu2,0.0
NaPdO2,0.0
Na3CuCSO7,1.899
Na3As,0.3203
MgTi(GeO3)2,1.9426
HfZnN2,2.3609
Nd2In,0.0
CaSn(GeO3)2,1.7019
MgSc3Ru2,0.0
HoBi2IO4,1.5384
LiCuSi2O5,2.2794
Ti3TlC,0.0
MnPSe3,0.0
ScBrO,3.3929
Ba4BeOs,0.0
BrN3,1.7116
Ba4ZnFe,0.0
KNbO3,1.5259
SmCl2,0.0
NbI2O,0.6815
PrCoGe,0.0
Zr(Ni2P)2,0.0
TiBe2Cd,0.0
CaBe2Cr,0.0
NaYHg2,0.0
Yb(PrS2)2,2.0495
NdZnAu2,0.0
Ho2AlSi2,0.0
LiMnP3H,0.4045
BaReN3,1.8259999999999998
Li4CrO5,1.1521
BeSnCl,0.0
Nd(SiAg)2,0.0
U3Co2Ge7,0.0
HfNbTc2,0.0
Y2MgNi2,0.0
LiTl3,0.0
BaYIn,0.0
SmTe,0.0
Ba4BeRe,0.0
Li2CeAl,0.0
Be2CuNi,0.0
Rb3Mo2Br9,0.6639
GeS2,2.2182
Sc4TiBe,0.0
Sm3CuSnS7,1.6005
Ce(CuGe)2,0.0
Li2CuBiO4,0.0
ThI2,0.0
K4CO4,1.3294
Tm(TiGa2)2,0.0
Cu2GeAs,0.0
AlBMo,0.0
ZrTaBe,0.0
ScBePt4,0.0
Hf2TcPd,0.0
Ac2CuSi,0.0
Pr4As3,0.0
CrSi,0.0
AgO,0.1924
RhPb2,0.0
MnSbO4,0.0
Nd3BWO9,3.3028
Fe2PO5,0.0
Sb2Pt,0.0
NaMn4Be,0.0
LiBe2Se,0.0
TlV3(CrS4)2,0.0
YI,0.0
CdInRh2,0.0
Sm(NiAs)2,0.0
LiSnAu,0.0
Li2Fe2OF4,0.0
Ba4HfV,0.0
CaAlSiO4F,5.6051
LiSmSe2,1.5609
CaTe2O5,3.2926
AlTeO4,0.0
SrCd2,0.0
LiMn2O2F3,0.0
Ta2TcW,0.0
B2AsBr,0.0
K2HfF6,7.4799
Dy2ZnIr,0.0
ThCN,1.2789
Li2BeSi,0.0
NaN3,4.0691
FeTe,0.0
BeRe2Ir,0.0
ZrBeFe4,0.0
Na2MgBe,0.0
Li4Co5NiO2,0.0
LiBiS2,0.0
K(AsRh)2,0.0
LiDy2Al,0.0
K2Mg(CO3)2,4.17
TmCd2,0.0
Rb2SnBr6,0.9829
ZrBe2Co,0.0
LiTi2As,0.0
Pa2SbTe,0.0
Fe2Te4H3ClO2,0.4427
CaBeIn,0.0
HfBe2W,0.0
Mg(AgO2)2,0.4716
Li2Co2Si2O7,0.2274
TiCo,0.0
K2H6Pt,4.0375
TlAuCl4,1.5374
TmNbRu2,0.0
NbInS2,0.0
DySn2,0.0
TiGaFe2,0.0
HfPd5,0.0
NiSO4,0.6501
BeVRh2,0.0
Ba4CoPt,0.0
Zn2NiN2,0.0
DyAlNi,0.0
Li4CrFe3O8,0.0
Tm2AgOs,0.0
MgAlPO5,5.2711
Si3PH9,4.0993
Al3NO3,4.4821
MgBi,0.0
K3GaS3,2.8907
Te2Mo3W(SeS2)2,0.1223
CdIrRu,0.0
PmB3,0.0
Ba2BiBr,0.9387
Na2GeS3,2.3766
BaMn4O8,0.0
LiAlPd2,0.0
Pr2PbS4,2.2492
Tl4CdI6,1.9753
NaB(SO4)2,6.4381
DyTh,0.0
SrZrO3,0.0
HfTc2Sn,0.0
NaVS2,0.0
RbCrF6,0.0
V5P3N,0.0
GaB3N4,3.9758
CaZn3,0.0
Ca(ZnGe)2,0.0
GaRh,0.0
ZrSnRh,0.0
Li4MnF8,1.2877
TbTlAg2,0.0
Be2CoBr,0.0
KGa3,0.2062
Sb(IF3)2,0.3943
Al2FeTc,0.0
BaZr4Ge,0.0
BaMnO3,0.0
Li2TlSb,0.3545
TaBe2Cl,0.0
BeGa2Bi,0.0
TlFeS2,0.0
BeCuSe2,0.0
TiBeBi,0.0
Y(PO3)3,5.8636
Li3VS4,1.8208
H2W2O7,1.6046
FePd,0.0
YZnRh2,0.0
LiNdGeO4,4.2476
AlV3,0.0
Sc2RuPt,0.0
NpOs2,0.0
LiNd2Os,0.0
TaBeOs,0.0
BeGeW2,0.0
Sr2MnCuSO3,0.0
NaMnPO4,1.4792
AgBi2S3Cl,0.79
HoInCu2,0.0
Ti3TeO8,3.1887
V3(O2F)2,0.0
RbAsSe2,1.6074
Dy(Al2Fe)4,0.0
Mn5O3F5,0.0
Ca2H3Br,1.8015
Yb2Cr2C3,0.0
BaBe2Te,0.0
LiAl2Au,0.0
BaCaV4O8,0.0
YFeF5,0.5596
SrTe,0.6395
BaCaCr,0.0
HAuO2,1.2154
LaGeOs,0.0
ErTe3,0.0
LiI,4.5579
CdAs2,0.0
W(OF)2,0.2556
Li7V(O2F)2,0.0
HfTe2,0.0
InFe2CuSe4,0.0
VC3,0.0
FeAuO2,0.0
PrNiC2,0.0
LiSbTe2WO2,2.0215
TaFeSb,0.0
TmBrO,4.5533
Tm3V,0.0
Sc2MnSi,0.0
Yb2C(NO)2,0.0
NaSrO3,0.0
Pd3PbC,0.0
Rb2CO3,3.9331
Be2ZnBr,0.0
BeCr2Cu,0.0
CeAg,0.0
SrI2,4.048
PuRh2,0.0
IF3,2.0012
Si2HgTe,0.0
Ni3Sn(P2O3)2,0.0
Li7Pb2,0.0
NdTi2CdO6F,1.5721
CaHg2Pd,0.0
USn3,0.0
NaMn7O2,0.0
Li4V2Cr3(FeO2)3,0.0
BeHg4Pt,0.0
Ge3Cl8,2.9897
Ho(SiIr)2,0.0
CaTiS2,0.0
RbP(HO2)2,5.5021
Ta5Ge3,0.0
NaLiO3,0.0
CeHfO4,2.1058
PaSnPd2,0.0
Sr2TaBe,0.0
BaTeIr2,0.0
Zn2GeS4,2.2546
Ta3B4,0.0
LiUAsO6,2.4337
NaMgPb2,0.0
Pr2CuRu,0.0
Bi2Rh2O7,0.0
Ti2ZnN,0.0
CeCdAu2,0.0
CaNiO3,0.0
TbGa2,0.0
CaCd,0.0
BeGaBi2,0.0
LiMnP2O7,1.1313
Ca3GeN,0.0
TbTl3,0.0
HoCo3B2,0.0
CrHO2,1.3581
UB4,0.0
Zn2CuPt,0.0
Mo3O7,0.0
TiBO3,0.0
UFe2,0.0
NpIr2,0.0
FeCl3,0.0
H(CO)2,2.9777
PrOs2,0.0
BaHfGa2,0.0
SbSeI,1.3626
RbHF2,7.1482
Be2CdBr,0.0
LaHoMg2,0.0
Ba4Fe2S4I5,0.0
LiCa2In,0.0
BaO,3.443
Ba4TaZn,0.0
Ca2Si3Ag,0.0
Sr2NiMoO6,0.5051
Li3MnFe3O8,0.0
NaAuO2,1.1645
KCaBe2,0.0
CaBePb2,0.0
K(BH)6,5.6493
Si2AsW,0.0
Rb2TaAgS4,2.5969
Np(GePd)2,0.0
Pr3Si2S8Br,2.715
HfAsCl,0.0
MgCoO2,0.0
HoCuPb,0.0
BaCo2P2H2O9,0.3009
BeIn2Sb,0.0
Hf2Ag,0.0
TiFeTe,1.1014
Lu2HgAu,0.0
BeTc2Os,0.0
Li2HoTl,0.0
PrHoZn2,0.0
DyGe,0.0
Ca5Au4,0.0
Zr2CoSi2,0.0
Ba2SbMo,0.0
AcBiAu2,0.0
NaBiSe2,0.7573
HoMgTl2,0.0
HfBe2Pt,0.0
Pr2NiO4,0.0
YHoCd2,0.0
CSNF5,4.1801
Rb3Dy,0.0
NpAs3,0.0
MgBe2Nb,0.0
Ti3NiS6,0.0
BH2CO,3.4707
SrMg2,0.0
BaSnBr,0.1911
CaZn(SiO3)2,4.4025
Ni2P,0.0
Sc2Al,0.0
BaSnPb2,0.0
Be2Cd2Sn,0.0
CrPtO2,0.0
Yb(AlSi)2,0.0
SrLaZr2,0.0
BaNbHg,0.0
Ca2AgPb,0.0
Co2NiO4,0.0
ZrBr3,0.0
Ce(SiIr)2,0.0
Sm2ZnS4,1.3997
Mg4As6Rh7,0.0
TiPtPb,0.0
MnInRh2,0.0
SrSn2,0.7758
Tb4Sb3,0.0
TaBePd2,0.0
Ca(AsRu)2,0.0
MgFeO2,0.0
Al2HgTe4,1.1155
Hf2Au,0.0
Sr2ZnCu2(SO)2,1.006
TaPd,0.0
Sc2BeBi,0.0
Li(NiO2)2,0.0
ErIn,0.0
HfTeSe4,0.7759999999999999
Ba4ZnGe,0.0
PmPd3,0.0
Sc2ZnAu,0.0
KSiO3,0.0
LiIn(MoO4)2,2.8772
Na4ScBe,0.0
LiLu2In,0.0
CdP2(HO)4,4.5476
CaLaAg2,0.0
In2HgSe4,0.5164
LiMn2O4,0.0
LiPr2Os,0.0
SeS2(NO)2,1.4798
BeGaMo2,0.0
ZnCuPd2,0.0
TbCoC2,0.0
Tl2TeI6,1.4715
ThIr,0.0
MnBeW,0.0
K3V,0.0
Al3Zn,0.0
NdPt2,0.0
MnV2Mo,0.0
Er3(AlNi3)2,0.0
Hf(MnGe)6,0.0
GaBr2,2.7016
DyScO3,4.4613
KMnO2,0.992
Tb3(CuSi)4,0.0
InCoO3,0.2473
Be2PbSe,0.0
Zn(CrN)2,0.0
BaSb2,0.0
YErAg2,0.0
NaH3SO5,5.801
MnBeV,0.0
AgPbBrO,0.0
Pm2AgRu,0.0
Zr2IrRh,0.0
LiIn2Pd,0.0
BaNiO2,0.2767
BaAu2,0.0
Ca(AlZn)2,0.0
Al2ZnS4,2.6
HfSnPt,0.0
BeGaIr,0.0
HoIn,0.0
PmDyIn2,0.0
Li4V3OF,0.1863
UPb3,0.0
NaV2As,0.0
Li2TiCr2O6,0.8228
Nd(SiRu)2,0.0
Li4VCr3O8,0.0
YIr,0.0
Li2MgSiO4,5.0823
Tb(GePd)2,0.0
NaNO3,3.0296
YMn(WO4)2,1.4413
CeTeCl,0.0
BaPdRh2,0.0
Sr2BeBi,0.0
HoZn(BiO3)2,0.0
Al3Cu,0.0
Ni3O,0.0
BeSnCl2,0.0
BC7,0.0
Rb2AgCl3,3.0158
LaHg,0.0
NaTl2Sb,0.0
YErAl2,0.0
CrSn2,0.0
Ti2BeBi,0.0
KBaCl,0.1856
BeMo4Pt,0.0
BaSrCa2,0.0
Nd2MgGe2,0.0
Ba2SnPb,0.0
MnFe2Si,0.0
Ga2IrRh,0.0
MgBeTc2,0.0
SnSO4,4.0621
SiO2,0.7677
Ta2CS2,0.0
HoSn3,0.0
TcSnSe,0.0
CaPS3,3.128
LiTeHO4,1.5444
ScCo2,0.0
Tc2AsRh,0.0
MnO,0.0
TaAgS3,0.0
NbIr3,0.0
Ti5NbO2,0.0
Ni2P2O7,0.8858
CaF2,5.2507
TmC2,0.0
SmYAg2,0.0
LiYGa4,0.0
Hf3Al3C5,0.0
Ba4SnTe,0.0
PrTiO3,0.0
NdCuTeO,1.5333
PrZnPO,1.1516
Be2SbPb,0.0
KPAuSe3,0.948
Be2FeCo,0.0
Yb2HgBi,0.0
AlTc2,0.0
TmMg,0.0
K2MnCl6,0.9903
Si2OsRu,0.0
ScBe2Zn,0.0
ThCdRh2,0.0
BeSnBi,0.0
Sc2AlTc,0.0
PrTmMg2,0.0
Nd2V2O7,0.0
BaV2O6,2.6532
In2Pt,0.0
AsHPbO4,3.0538
Yb3(SF2)2,0.0
SrAuO2,1.6056
Na2Zr(CuS2)2,0.0
Sc2AgIr,0.0
ZnGaAs,0.0
LuSi3,0.0
Y2Te5O3,3.0525
PrNiO3,0.0
Ba2MgTe,0.0
KB,0.0
Hf2Fe,0.0
PrSm3,0.0
FeBiO3,0.0
BeBiSb2,0.0
NaLiBe2,0.0
DyAg2,0.0
CuH6(NO)4,0.2246
Rb2NaSbCl6,3.1463
Te2Mo3Se4,0.581
Pd4S,0.0
Ba2SmReO6,0.0
TlGeCl3,1.6884
SrAsPd,0.0
Mn3TeO6,0.0
DyHg,0.0
BeGeAs2,0.6768
BaZn4Br,0.0
Na2ZnS2,2.5185
TaI2O,0.8715
Li2CdPb,0.0
BePtPb2,0.0
Ce(BIr)2,0.0
Th3U,0.0
U(GePt)2,0.0
Mn3SnO8,0.9327
Tm2Al3Si2,0.0
KNaMo(OF2)2,1.4938
CrAgO2,0.0
Cr3O8,0.0
PrZnGa,0.0
ZnCO3,3.8696
Cd2GeO4,1.1803
ScNi5,0.0
Ho(Mo3S4)2,0.0
SiAsAu,0.0
CdSiO3,0.7805
CeGaNi,0.0
Li2Mn2(CO3)3,2.1008
YCo,0.0
Pr3Sb4Au3,0.5636
FeSnRu2,0.0
Sr2BrN,1.9927
Sb2Te4Pb,0.2511
Fe2W,0.0
Tb2IrRu,0.0
DySi2,0.0
NiPS,0.0
Ba4ZrCu,0.0
Ca2MgGa,0.0
Li6TeO6,3.3426
ZnPtF6,2.1817
KRb2ScF6,7.0509
Al2Te5,1.055
HoIn5Rh,0.0
LiBe2Cr,0.0
Mg(InS2)2,1.7271
RbPbCl3,2.526
Ba4CdTe,0.0
Sr2YRuO6,0.1609
AlVNi2,0.0
Y2AlTl,0.0
MnBeP,0.0
Rb2SnTe5,0.4935
Ho2Cr2C3,0.0
Be2FeW,0.4292
FeBiAsO,0.0
Be2ReSe,0.0
NaBePd,0.0
BaAs3,0.0
MnH,0.0
YbErRh2,0.0
LiMn3(FeO4)2,0.0
Nd3IrO7,0.0
BeSiW,0.0
DyRh3C,0.0
Tb2Ge2Ru,0.0
SnO,0.0
BaTiPd2,0.0
VTe,0.0
Ca3MnO4,1.2299
Ca3TlN,0.0
TeMo2Se3,0.5822
NdCo4B,0.0
SmRu2,0.0
RbAcTe2,1.2269
HfGa5Ni,0.0
Ga3Os,0.7649
TcC,0.0
KCu4AsS4,1.3356
KO3,0.8037
ZnSnSb2,0.0
Ba(PPd)2,0.0
ZnI2,1.6941
GaSnRu2,0.0
LiCaF3,6.5794
ErCuS2,1.7606
Ag3AsSe3,0.63
MnBe2Os,0.0
PrOF,5.1771
Ba4CdCo,0.0
SrIr2,0.0
SnPt3,0.0
SnPd2,0.0
ZnCrF6,0.0
Ca2AsI,1.4992
Ba4CaTa,0.0
LiGaIr2,0.0
BeCdSb,0.0
LiPm2Os,0.0
TiCl2,0.0
Pr(MnGe)2,0.0
YbInHg2,0.0
Ba4GeBr,0.0
BaI2,2.9845
Ba4CrNi,0.0
Hf2Hg,0.0
Mn3Zn,0.0
BeTc2Pd,0.0
NbBiO4,2.4684
BaLiSb,0.7421
ZrBe2Pb,0.0
NaSe2,1.161
CaMn4O8,0.0
AgClO3,2.8896
NiPRh,0.0
BaSr2Ga,0.0
KNbPCO7,0.3586
P3N5,2.8057
Pd3S,0.0
Tb2O3,4.0305
K3CrO4,0.0
CoH6(SeO4)2,0.5236
Pm2GePd,0.0
PrSiO4,0.0
DyMgZn2,0.0
SrZrBe,0.0
Dy2IrAu,0.0
ZrBeCr2,0.0
Mn2SiNi,0.0
Li5Ti2V3,0.0
VGaPt,0.0
CoH2SO5,0.158
ScSi7Ir3,0.0
Sr(AuO2)2,1.6086
ThAu3,0.0
Hf3Ge2,0.0
Na2YPCO7,4.7244
Lu2AgAu,0.0
U2Mo,0.0
CrBrO,0.3516
BeVSi2,0.0
Zn2CuSbO6,0.0
RuN,0.0
Ba4TlOs,0.0
MgGaRh2,0.0
Ba2CaNi,0.0
Ba2MgSn,0.0
Zn(BiO2)2,0.7407
Al2ZnTe4,1.6985
MgPdAu2,0.0
KMnBr3,1.5974
Sc2InAu,0.0
TbNiSb,0.2942
MgInNi2,0.0
TmCdPd2,0.0
InNi2As,0.0
PAuCl8,1.7266
Li2Fe2S3,0.0
Sr2AgPt,0.0
CdAgPd2,0.0
DyMgHg2,0.0
HfBeZn,0.0
Na4Al3Si3IO2,4.2957
SrMg3,0.0
Li2BeMo,0.0
Ba4TlW,0.0
BaVHg,0.0
Be2OsRu,0.0
K2NaAg3(CN)6,2.5019
Ce(CuSi)2,0.0
V2ZnO6,1.6783
Na2TaBe,0.0
MnBeCl,0.0
Ta2BeCo,0.0
AcZnAu2,0.0
Ba(PRu)2,0.0
LiBeCo2,0.0
Nb3Si,0.0
Yb2CuIr,0.0
BeInGe4,0.0
ZrIr2,0.0
Tb2Si2O7,4.8261
BiF5,1.589
B5W2,0.0
Sr2CaBe,0.0
BeReTc,0.0
SrBe2Cl,0.0
Ba2YbRuO6,0.0
Bi2Rh3S2,0.0
DyFeSi,0.0
Zr2BeP,0.0
Ba2ScIrO6,0.0
Zr2BeCl,0.0
CaReH4ClO6,3.1035
Ag3SeNO3,0.6689
SrAl2,0.0
MnN,0.0
Ti2GaCo,0.0
NaHCO2,4.8089
Be2SbPb,0.0
ZnHg3,0.0
Ba4IrPb,0.0
Li2Mn3WO8,0.0
LaHfBe,0.0
Ba4PRu,0.0
LuZrSb,0.0
Ca(GeRh)2,0.0
CaBe2Ru,0.0
BePdW,0.0
Zr2TiAl,0.0
TiCu,0.0
TaGaCo2,0.0
BaGeCl2,0.0
Cu2SiSe3,0.2988
Er3Pd2,0.0
RbTiBr3,0.0
Cr3N4,0.0
Ti3TlN,0.0
Yb3SnC,0.0
Rb4CO4,0.5675
SmTiGe,0.0
ThCoSi,0.0
Ba4TaCu,0.0
LiMgTl2,0.0
Np(CoSi)2,0.0
Be2VPb,0.0
Co(SiO3)2,0.0
LiFeF4,0.0
ZrAs,0.0
TaBe2Pd,0.0
Tb2O3,0.0
KBeHg4,0.0
NaZnAs,0.0
EuZnGe,0.0
Th(AsOs2)2,0.415
ThInAu2,0.0
Ba4BeFe,0.0
TiN,0.0
HfSi2,0.0
TmAgSn,0.0
PdF3,0.0
TbAg3,0.0
Yb2AgRh,0.0
Ca2Ti3O8,2.7435
KCrF3,0.0
Ba2TbSbO6,3.772
Li3V(PO4)2,0.0
Al3Cr3(SbO3)2,0.0
Zn2PdPt,0.0
BeNbIn4,0.0
BeCd4Rh,0.0
Ba2VBr,0.0
Zn(InS2)2,0.0
GaAg,0.0
Zn3Sn2O7,1.2457
Ho(SiRu)2,0.0
Ca3MnCoO6,0.0
P2WO7,0.0567
PmAlCu2,0.0
CuO,0.0
KYbS2,0.0
Rb3ClO,0.4888
Rb2MgH4,3.1404
AlFe,0.0
Sr(PPd)2,0.0
VSb2O5,0.7667
Na2UO4,2.1655
Ba4SiTe,0.0
Al2Re,0.0
LiBIr,0.0
DyCrO4,0.0
EuAl4,0.0
Dy3Ni2,0.0
RbBe2F5,7.6093
YMnF5,0.0
Rh2S3,0.4635
BaGaCu2,0.0
Pm2InHg,0.0
TiCdAu2,0.0
YF3,5.773
Tm5Sb3,0.0
Na4S2O5,2.4837
Sm3Ti3(SeO4)2,0.0
Rb(WCl3)3,0.1549
Co3SbO8,0.0
Pr3OsI3,0.0586
SmLuZn2,0.0
ErTa3O9,3.4765
CaBe2Bi,0.0
ZrI2,0.0
SnP3,0.0
Sr4Al6TeO2,2.878
NaPmAu2,0.0
TlAsRu,0.0
Nb9PO25,2.1655
LuCd3,0.0
SnF3,2.3802
Nd(MnGe)2,0.0
Li6Mn(OF2)2,1.4744
Cu3PSe4,0.0
KNbF6,5.1080000000000005
Ag3SI,0.5914
VAu2,0.0
Tb2MnNiO6,0.0
Ba3Hf2O7,3.6854
HfCuP,0.0
NaBeCr2,0.0
InFeCo2,0.0
ThGe2,0.0
BeRhSe,0.0
PmF3,5.6111
Lu2Mn2O7,1.2579
SnPS3,1.7317
Na2HfBe,0.0
Li2Ag3F6,0.0
Pr(CuGe)2,0.0
RbPdO3,0.0
BeSiP2,1.3246
Ca(PtO2)2,0.0
Er3CuSiS7,1.9781
LiMnF4,1.162
KHCO2,4.3051
AsRu,0.0
Ho2IrRu,0.0
Sc2Co3Si,0.0
Mo3Os,0.0
U2Ti,0.0
K3BS3,2.7382
Mn3Rh,0.0
PHF4,7.5475
Pr5Al2Ru3,0.0
Ho5(ReO)2,0.0
Eu2Ga3Ir,0.0
SrN2,0.0
HoZnRh2,0.0
Sm2InHg,0.0
MoAsOs2,0.0
PtS,0.4351
YCuAs,0.0
Sr(AlH)2,0.0
NdAl3Pd2,0.0
Li7OsO6,0.5128
LiBe2Au,0.0
Co2HgO4,0.4611
TaTl(CuS2)2,1.719
HoCu4Au,0.0
ZnC2S2(OF)6,5.9595
LiCo(CO3)2,1.2637
Sr3(PO4)2,5.995
NaYBe2,0.0
Ho2CuTc,0.0
MnTcOs,0.0
LuTlS2,1.3347
SnH8(NCl3)2,2.2833
Nd(AsPd)2,0.0
Ba4VZn,0.0
Hg(BiO3)2,0.0
NbNi3,0.0
BeCdHg,0.0
BeCdSe2,0.0
AlWF5,0.0
TiGaNi,0.0
Sr2YTlSn2O7,0.0
Tb4Bi3,0.0
RbCdBr3,2.7796
NbAsPCl3,2.2684
Be2CoRu,0.0
PrAs,0.0
Be2CuOs,0.0
Mg5H8O9,4.0941
InPd,0.0
LiDyS2,1.9562
V3O5F,0.0
Th3B2C3,0.0
HfC,0.0
MgSc2Al,0.0
Na2H6Ir,0.0
Y2B3C2,0.0
LaBeRh2,0.0
LiVGeO5,1.6133
ScMnBe,0.0
Mn2BeCu,0.0
Te6MoW3S2,0.0
NiO2,0.0
Er(Ni2As)2,0.0
PH6NO2,5.1673
Na6Ge2S7,2.4078
ZrPt,0.0
Ba5Al2In2IrClO3,0.0
LiBiRh2,0.0
ScBe2Ge,0.0
SrLi2Ta2O7,2.2103
Ba2InNi,0.0
Sm3Tm,0.0
YbTh3,0.0
Ba4ReGe,0.0
TaBeRu,0.0
Rb3Ac,0.0
U4S3,0.0
HfTlAu2,0.0
Cu2SnS3,0.0
Ca4BeCr,0.0
K2NaCd,0.0
Li2MnCl4,1.7018
Ca2CdHg,0.0
CaWF6,0.0
NaHg2Pb,0.0
ScBPd3,0.0
Sc2AlCd,0.0
H2SeO3,4.3573
BaNi2Br,0.0
Cr3S4,0.0
Ho2OsRu,0.0
BaSeBr,0.0
YbMgSn,0.1044
CaSbRh2,0.0
ScTlSe2,0.6166
TeWCl9,0.0
Li2Mn3O6,0.0
Tc3Os,0.0
SbPt,0.0
TiSb,0.0
InBi2S4Cl,1.5752
Np(SiPd)2,0.0
Fe2SiO4,0.0
YCo,0.0
DyGaO3,3.8897
HoCuSi,0.0
NbV3,1.0654
TmHO2,5.0463
BaYCoCuO5,0.0
V4P2C,0.0
Er2InPd2,0.0
Pr2Sn2O7,2.8285
KHgSb,0.0
KZnSb,0.2693
MnBeTl,0.0
Li2NiF4,1.2252
Rb7Au5O2,0.62
RbCuO3,0.0
TmCo3B2,0.0
SiH,2.0495
NaPd2Pb,0.0
NaSrBO3,4.1925
AlAgB,0.0
Pm2SnHg,0.0
Li3Cu2SbO6,0.0
SnO2,0.0
Ba4HfPd,0.0
Cr3WO8,0.2656
KCO2,2.7249
BaInBi,0.2913
ZrTiAs,0.0
Sc3Fe2Si3,0.0
Zn3(PO4)2,3.3126
Ba3(HIr)2,3.092
DyInRh,0.0
V2FeO6,0.0
BeNb2In,0.0
Ho5SbAu2,0.0
FeAgS2,0.0
TiFeSb,0.0
NiCN2,0.0
TmSe,0.0
Ba4TaSb,0.0
PmI3,1.6033
SnPd3,0.0
Mn3AlC,0.0
BaAlCrCuO5,0.0
Ba4CaSn,0.0
YNi,0.0
Tl3BO3,1.4292
K2SrTa2O7,2.1173
ThIr2,0.0
AgBiSe2,0.0
MnAsRu,0.0
Rb3Nb2Br9,0.1502
Ca2BiAu,0.2076
LiMnP2HO7,2.0129
Li4SbS4,0.0
ThPS,0.0
BeZnSe2,0.0
LaBAs,0.0
Rb2GeSe3,1.3506
RbInTe2,1.2026
Rb2Al2Sb2O7,3.7176
NdH2ClO2,4.9101
KBeCo4,0.0
SrMnGe,0.0
Ti2TcPt,0.0
NaH3(SeO3)2,4.2467
Au3F8,0.5549
Cr2GaN,0.0
ErS2,0.0
Ho7FeI2,0.0
AlCrCo2,0.0
BeCrFe2,0.0
TiIr3,0.0
Ba4ZrRe,0.0
Pr3InC,0.0
PuSi3,0.0
USb,0.0
As2Pd,0.0
Cr2HgSe4,0.0
Si(GeN2)2,1.6498
Ba4NaSn,0.0
PuGe3,0.0
Li3GaN2,2.6701
SrCu,0.0
BeRhPb4,0.0
Sr2MnGaO5,0.0
Al2Si2H4O9,5.1226
Nd2Ti2O7,2.7661
PaAgTe2,0.0
Ac3Sc,0.0
GaAsRh2,0.0
Mg2ZrBe,0.0
Li3Ti2Mn3,0.441
Ca2BN2F,3.0553
C5N4,5.7322
LiNdGe,0.0
PBr5,1.7392
DyMnGe,0.0
LiCa6Ge,0.0
K2BaBi,0.0
LaBeV2,0.0
Li2PrP2,0.0
Ho2Ti2O7,2.7402
Tm2CoIr,0.0
LiTlPHO3,4.2055
Li2(VS2)3,0.0
HfBiO4,1.0515
CrB4,0.0
BaSr2Mg,0.0
Te9Mo8S7,0.8794
Li(Sn3Pd)2,0.0
YHoCu2,0.0
BePIr,0.0
Ti3Br,0.0
SrLi4N2,1.1713
Zr2MnBe,0.0
HoNi5,0.0
ZnSiTc2,0.0
Ho2AlZn,0.0
Tc2GeAs,0.0
TaCuN2,0.5781
Er2MgTl,0.0
Mo(HO2)2,2.573
Ca2CdGa,0.0
Te2Pt,0.0
NaNdHg2,0.0
MnAgPd2,0.0
YBeNb4,0.0
RbYTe2,1.3814
CIF7,4.6844
Be2NiBi,0.0
Fe3NiN,0.0
BaLiPb,0.0
Na2CN2,3.3747
BaZn(FeO2)4,0.0
Ca3Ti2O7,2.4553
Te4Mo(WS)2,0.0
LiMoO2,0.0
SmCo5,0.0
LaAg,0.0
Rb4In2S5,2.039
V(WO4)2,0.0
Co2RhS4,0.0
K2Te2Pt,0.8637
In2Co3S2,0.0
Ba5P3ClO2,5.3863
Rh3Pb,0.0
KFe,0.0
LiNbWO6,2.3849
K2S,2.4053
Ag2GeO4,0.0
Sr(NO3)2,3.7260000000000004
Ta2Ni,0.0
VCuO3,0.9582
BeP2Rh,0.0
AsRu2Pt,0.0
Ba2SiTe4,1.0906
BaPr2ZnS5,1.2473
BaTm2O4,2.9217
HoSe,0.0
Ba2InW,0.0
CaBe2Ga,0.0
NF,0.0
Al2OsRu,0.0
PbBrCl,3.3766
Li5Tl2,0.0
Al2FeO4,0.0
AlB3H2,6.2225
MgBeRu2,0.0
KSnSe2,0.0
Li4CO4,4.1791
HoAlAg2,0.0
Li2Mn3OF6,1.5941
TaTlPt,1.0697
YBeCr,0.0
FeN,0.0
Ag3SnP7,0.4475
Rb2SiAs2,1.1231
Ag3AsS3,1.0779
KYbSe2,0.0
Ba4NbGe,0.0
LiMn2OF3,0.8445
AlCo3C,0.0
Li2HIO,4.4873
NdPPd,0.0
Li5Cr2Fe3,0.0
SrBr3,0.0
Mg2BeCo,0.0
Li3P,0.9007
CaGeO3,0.6873
Nb3PbS6,0.0
Ca2Bi,0.0
Ba2GaBi,0.0
Ba4CdSi,0.0
Ca(NiS2)4,0.0
LiGa,0.0
AlSCl7,2.6913
Te2MoWS2,0.1463
DyPd,0.0
Ba4CoIr,0.0
RbI,3.7482
DySe,0.0
Tl3Cr,0.0
TaTiAs,0.0
SCl2O,3.435
Li6CrO4,0.5357
SrBeRh,0.0
FeNi2(CN)6,0.0
Ho3Sb4Au3,0.6097
Ti3AlC,0.0
Ba2LaMo,0.0
Li2CdGe,0.0
Li3CuSbO5,0.5203
K2Li4Pb3O4,2.0171
Mg9Sn5,0.0
Pr(CoB)2,0.0
LiCd2Rh,0.0
MgMoH2O5,4.1124
AlAuO2,0.7821
Ce2U3,0.0
ReTeAs,0.0
SnAs3,0.0
Cl2O,1.002
LiNiAsO4,0.7897
H(CN4)2,0.0
Sm3S4,0.0
Ba4CoSe,0.0
H4C,7.891
SmBi2IO4,1.4378
LiSm2Ru,0.0
LaTe,0.0
MgFeF6,0.0
YBeCl2,0.0
Sm2Mn2O7,0.9093
Ni(PO3)3,0.0
Zr2Co4P3,0.0
Rb2UBr6,0.3537
NaCdPb2,0.0
RbLiSe,2.5758
ScSbPt,0.5822
Dy3Sb4Au3,0.6079
Tm2IrPd,0.0
Li4Mn2O9,2.1866
DyGa,0.0
Cr2S3,0.0
Th3Sb4,0.0
SrCdP2O7,3.8811
RbSr2Nb3,1.4556
ZrTiTe4,0.0
UZnNi4,0.0
Be2NbSb,0.0
Mg3Fe,0.0
Si2Hg6O7,1.4587
BaCO3,4.4441
Nd3Ag,0.0
Sr2BeGe,0.0
BeNi2Rh,0.0
VBr2,1.1432
UAu2,0.0
Dy3In,0.0
Ba(AsRu)2,0.0
BaSe2Cl,0.0
Li2AlCoO4,0.0
Yb2AsAu,0.2186
Ni3Bi,0.0
ThCo,0.0
BaNdMn2O6,0.0
Be2SiRu,0.0
BeVSe2,0.0
NdS2,0.0
LiAcTl2,0.0
CoBiO3,0.0
ScCo,0.0
Dy3Mn3Ga2Si,0.0
PaTlO3,2.9701
LiZn,0.0
BaNi2Cl,0.0
FeNiO3,0.0
HoHg,0.0
Na2Hf2O5,2.1503
Er2SO2,3.1863
Pd2O,0.0
Mg3Os,0.0
Rb2LiVS4,1.493
ZrBeGa2,0.0
HfFeP,0.0
TbTe,0.0
LiCaNiF6,0.0
Tb2MgGe2,0.0
HfCl4,3.9122
Dy2Tl,0.0
LiMn7O2,0.0
As2SO6,4.4447
Be2NiPt,0.0
BaGeBr,0.4243
Li3Cu2F8,0.0298
Pm2AgSn,0.0
ZrSnRh2,0.0
LiMn2Cr2O8,0.0
Fe2O2F3,0.0
Al2O3,1.2128
Ba4TiHg,0.0
Re2AsPt,0.0
SrMnBe2,0.0
NdZnAsO,0.8476
Sb2O5,0.4674
SrPt3O4,0.0
Mn3Al9Si,0.0
Li7SbO6,3.7191
Sc7CBr2,0.0
YAl,0.0
VAg(PS3)2,0.0
Fe3Pt,0.0
Ni2Mo3N,0.0
BaP2Ru,0.0
NpIO,0.0
Pr3Y,0.0
Na2FeO4,0.4648
TiCrAg,0.0
Na2PdC2,0.8896
Be2TcPt,0.0
Li2CoSiO4,0.2896
MgZrBe2,0.0
Y6Os,0.0
AsPW2,0.0
YAl3,0.0
Mg3Ni2O7,0.2595
MnHgPd2,0.0
YbH2,0.0
Ti2Cu,0.0
LuOs3,0.0
PrRh,0.0
ScZnNi2,0.0
VAgO3,1.2778
Ba2Co(B3O)2,1.4078
Ce2AgPb,0.0
Li2YTl,0.0
NiP4,0.0
LiEr2Tc,0.0
LiAg2Ge,0.0
K2Mn(SeO3)2,1.6802
BeZnFe2,0.0
SrU2O6,0.0
BeNb2Si,0.0
Cr4InCuSe8,0.4881
Sr2ErRuO6,0.0
Mn3As2,0.0
Zn3Cd,0.0
YLuTl2,0.0
CdSeO3,3.6871
HoErRh2,0.0
BaSi2Ir,0.0
Be2ZnSb,0.0
Yb2MnS4,0.0
BaPb,0.0
MoW2(Se2S)2,0.6079
SrCdSi,0.0
TbGa2Co3,0.0
Co5B2P,0.0
Eu2I2O,0.0
YbB4O7,7.4968
Na6MnSe4,1.2744
Li2BeCu,0.0
TiCoSb,1.0706
BiO2,0.0
PrNbO4,3.6203
NaBeBi2,0.0
SrPt5,0.0
SmAs,0.0
LaFePO,0.0
LiAg2Pd,0.0
VRu,0.0
LiTiCl3,0.0
Nb2ReO8,0.0282
BeCr2Te,0.0
Cd5(S2Cl)2,1.6808
ReNCl4,0.9143
TmIn5Co,0.0
Ti5Re24,0.0
Ba3P2,0.196
Sr3CeP(CO)3,3.7853
NiPS3,0.0
Be2NbPd,0.0
Zn2CoN2,0.0
Sc3RuC4,0.0
HfRe2,0.0
KTl3,0.0
HfBe2Os,0.0
KUCuSe3,0.0
Be2SnPt,0.0
Yb(DyS2)2,2.1833
PrCdAg2,0.0
Mn3Ge,0.0
YbAgO2,0.0
As2PdO6,0.1724
CaBiPd2,0.0
HfCuSi,0.0
Sc2GaAg,0.0
Mg3Sc,0.0
Pr3In,0.0
ScSn3,0.0
Rb2HgF4,1.8059
Pm2IrRu,0.0
ErRh2,0.0
Tb(SiRu)2,0.0
B2Os,0.0
RbNpO3,0.0
Ta3PbS6,0.0
Li4Co3TeO8,0.0
CoBiO4,0.3119
Bi7(S3Cl)3,0.9392
SiGeN2O,3.7701
Ce(SiRu)2,0.0
Li8PO3,0.0
Na2MnCl4,1.8955
Ba6In2NF,0.0
Tb2Al3Si2,0.0
Na4SnS4,2.053
Cu3Au,0.0
TiTc,0.0
KAgCl3,0.0
BeV2Tc,0.0
BaZnP2,0.0
Be2GaFe2,0.0
BeAl2O4,6.6761
MgTl3,0.0
ErNi4Au,0.0
BaVHg2,0.0
MnFeTe,0.0
TbY3,0.0
BeCdGa2,0.0
TmH3(CO2)3,3.9601
PmGaCu2,0.0
PbClF,3.8558
CaMn2(Si2O)2,0.2844
Y(MnGe)6,0.0
LuNiSb,0.192
CuIrBr,0.0
LaCo5,0.0
BaTcBr,0.0
Mn4ZnS8,0.0
PrCrB4,0.1688
CuAs2Pb6Cl7O6,2.5134
CaAl4,0.0
Li2PdF6,1.9189
NbRu3C,0.0
AgC,0.0
DyC2,0.0
LiZn2Cu,1.3108
HoZrSb,0.0
Li5FeF8,0.0
Sc2FeS4,0.0
Ti2ZnO4,0.0
SrBeHg2,0.0
Be2FeTc,0.0
Lu(FeGe)6,0.0
Ba2LaTi,0.0
KHg2,0.0
Nd(SiPt)2,0.0
Li4H3ClO3,4.8728
MnBeCd4,0.0
Pr2CdPb,0.0
ZnSn3,0.0
NiAg3,0.0
DyMg,0.0
MgAlSi,0.0
SrBe3O4,4.2683
MgRh5,0.0
HgBr,1.8178
CaBeTc2,0.0
BPPbO5,4.5249
Tl3PO4,2.6984
CdSnRh2,0.0
Ba2GeBi,0.0
Sc2FeAs,0.0
UAl4,0.0
KPH2SO3,4.783
CaBeSb2,0.0
CoHO2,0.8238
CaCr2O4,0.0
YSiAu,0.0
Ca5Zn3,0.0
AgNO3,1.6004
TbAlCu2,0.0
Ta2BeMo,0.0
ZrBe2Cu,0.0
BaSrCl2,0.0
KMgSb,1.4026
InP2Pb,0.0
Hg3AsSe4I,1.1432
NdGa2,0.0
CaLaCd2,0.0
ZrN2,0.0
TaN,0.0
Tb2B2C3,0.0
Be2CuP,0.0
Mo2AsW,0.0
Ca3Sb2,0.2221
Fe3Ni,0.0
BaGa2Br,0.0
OsCl2O,0.0
AcTlAu2,0.0
K2TeBr6,1.8937
YbNi4Au,0.0
KAu(SO4)2,1.5707
K2Al2B2O7,4.8416
TlAsPt5,0.0
K6CdTe4,1.5171
Y2BeOs,0.0
LiCoF2,0.0
BeBiSe2,0.0
Rb2NaCoF6,1.2241
Li3Mn(PO4)2,0.0
AsPRh2,0.0
BeZnIr,0.0
SmH3(CO2)3,4.3147
BiCl3,3.0516
CaCuS2,0.0
Ca4BeV,0.0
AsOsW2,0.0
Pm2AgIr,0.0
Sr3MgFe2S2O5,0.0
Ni3Te,0.0
YAgS2,1.6995
TaBe2Tl,0.0
Lu2ZnOs,0.0
LiHf,0.0
Sr2SiO4,4.9714
Mg3(PO4)2,5.3917
ZnCoPHO5,0.0226
CaV3(PO)4,1.1731
Na4CoO3,0.4406
Dy3Y,0.0
Rb2Au3,0.0
KBaSe,0.0
Lu3Ga5Ni,0.0
ZrReAs,0.0
MnAl,0.0
Be2GaMo,0.0
LiBeP2,0.0
Fe3B,0.0
NbVO4,0.0
LiBi3(ClO2)2,2.8125
Tm2ZnTc,0.0
Be2SiW,0.0
SrLiTa2O6F,3.6745
Tb2Be2O5,2.5403
MoF5,0.0
ScBeGa4,0.0
NbNiP,0.0
Lu2MgIn,0.0
Li6WO6,3.2881
Ba4GaTc,0.0
ZrNi5,0.0
BeSe2Br,0.0
Sr2ScBe,0.0
MnSbPd,0.0
ThCdAg2,0.0
LiSiPd2,0.0
Mg2PdPt,0.0
Zr3Cu,0.0
Dy2Si5Rh3,0.0
BaSiC,0.261
Rb3Ge,0.0
NaCrSe2,0.8079
Pr3Si2ClO8,5.2515
Er(BRh)4,0.0
Zr(NiP)2,0.0
Zr2Fe2P7,0.0
YBe2P,0.0
AlB2,0.0
U(B2H3)2,0.257
Sr2VW,0.0
PrHoMg2,0.0
Pr3NbO7,2.6707
SrCa2Be,0.0
NaLi2Tl,0.0
K6MgO4,1.8791
Mo3WSe8,1.0409
Pm2GeAu,0.0
RbP(OF)2,5.5869
GeAsRu2,0.0
Li8PrO6,0.0
TaMnP,0.0
BeCoW2,0.0
SrBiClO2,3.4503
Pm2ZnPt,0.0
Pm2PtAu,0.0
BaNiGe2,0.0
KScBe2,0.0
TcIrOs,0.0
Li2CaSn,0.0
AsPSe,0.0
Sr(MnSb)2,0.0
NaLiS,3.3402
Ba2InHg,0.0
Ba4CaW,0.0
ZnCoO3,0.0
Lu2Cr2C3,0.0
K2BeTc,0.0
K3Cd,0.0
Yb2Ni2As7,0.0
Nb3Se4,0.0
BaCuB2O5,0.6239
Ga3BN4,2.6243
HoNi,0.0
BaTbMn2O6,0.0
Li2TiV3O8,0.0
OsN,0.0
Ba4LiCr,0.0
PdAu3,0.0
BaTa3TeO,2.9292
Zn2SbWO6,0.0
SiPbO3,2.0365
Sc6FeSb2,0.0
Ba4YTc,0.0
Mn3CoO8,0.0
Zn(CuO2)2,0.0
DyCuSe2,1.1992
BeCrRu2,0.0
BeZnTe,0.0
Li2MnBPO7,1.3529
NdSe2,0.0
TiCo2Si,0.0
Pr3Sb5O2,3.1863
FeF3,0.0
VSiPt,0.0
NdCrO4,0.0
YLuZn2,0.0
BePt4W,0.0
BeCu4Sb,0.0
Si3Pt2,0.0
MnBe2Se,0.0
TlP5,1.1285
CaMgSn,0.0
SmSnPd,0.0
K4SnSe4,1.6233
Lu2NiIr,0.0
MgMoN2,0.9389
Er(CrSi)2,0.0
Li2CrCl4,0.2664
Ba4HfPb,0.0
ScNiB4,0.0
LuCuSe2,1.3222
Sr2BeW,0.0
CeF3,0.0
CuPtO2,0.0
Ba3CoSb2O9,0.0
CaCr2,0.0
HoMgRh2,0.0
Sb2O3,3.1209
Ba2TaTe,0.0
LuGePt,0.0
KBeHg,0.0
SrWN3,1.2972
Tb2Cr2C3,0.0
LiZr2Pt,0.0
BeCo4Pt,0.0
Y(Al2Cr)4,0.0
Ga2O3,1.4761
Yb3Tc,0.0
SrPuO4,0.0
MgAl2O4,5.4815
Tl3Ga9S3O2,2.2532
SmB6,0.0
LaBeRh,0.0
Ce2CdHg,0.0
LuNi4Sn,0.0
YAs3,0.0
ErSbPd,0.2143
TbSF,1.3535
Sn4SF6,2.4822
Co6OF,0.0
Na2CdSnS4,1.8538
Sm3Au,0.0
RbFeF3,0.0
CuO2,0.0
BeCu4Pt,0.0
Ba4B2N4O,2.8915
Ge3Bi2O9,2.9327
CaTiF5,0.1637
LiTl2InCl6,2.8844
KP(HO2)2,5.8174
Er2NiIr,0.0
LiHo2Ga,0.0
SmTe2,0.0
Yb2Nd2O5,0.316
LiCo3(OF3)2,0.0
Al3GaN4,3.6414
Ba2YCr3O7,0.0
Li2FeNi(PO4)2,0.0
Na3N,0.0
Tm6FeSb2,0.0
ReSnGe,0.0
Ba4SiW,0.0
Zr2Fe,0.0
BeInGe,0.0
Ba4RhBr,0.0
U3(SiNi)4,0.0
CeTiO3,0.0
Sr3Lu,0.0
CaAgP,0.0
NaAgO,0.0
ReOsRu,0.0
CrI2,0.0
ZrBeCl2,0.0
LiMn3O6,0.0
ThP,0.0
Ce(NiP)2,0.0
KNaPrTaO5,3.4989
HfMnRh2,0.0
Tb2In,0.0
MnSbAs,0.0
SbF4,2.4375
TaZnRu2,0.0
Ca(CrS2)4,0.0
TaGe2,0.0
Ta2VRu,0.0
MgV3O7,0.7863
MgBe2Pd,0.0
MgBe2Cu,0.0
Nd2CuO4,0.0
Ho2Zr2O7,2.7214
CaSiSnO5,3.4732
NdBi,0.0
ErH,0.0
Ba2YSn,0.0
NaBOF2,6.5621
ReAsW2,0.0
Li3Mn2Fe(BO3)3,0.0994
Bi2SeO6,2.302
Li2BeCl2,2.3856
BeTlCu,0.0
Ba4FeNi,0.0
Ta2ZnO6,2.9148
TiI,0.0
CaTl3,0.0
KBeH3,3.0527
Sc6Te2Os,0.0
Y2Re2Si2C,0.0
Ca3SbP,0.7079
Li4V3Fe,0.0
Y(BRh)4,0.0
PbBr2,2.6404
MgPt3,0.0
MgBeSe2,0.5661
BeNiGe,0.0
Li4CoO3F,0.7385
YScO2,0.0
Y3U2,0.109
RbCuO,0.0
ScBeTl,0.0
Fe2(CO3)3,0.4908
Be2CdSn,0.0
TbVO4,2.7863
SnPPd5,0.0
CePaO4,0.0
Be2TcRu,0.0
TbTlTe2,0.6626
Ca2SbMoO6,0.0
NbSi2,0.0
BaSr2Bi,0.0
Li2TbF6,0.2852
CeInAu2,0.0
BeAu2,0.0
BeSn2Os,0.0
RbMnF3,0.0
K2RbMn2F7,1.5694
BaTb2NiO5,0.0
ThCu2,0.0
BaNa2O2,2.83
NiPb2(N3O)2,0.0795
AlCr3B4,0.0
RbMgAsH2,4.3987
YbPr3,0.0
Cu3Sn,0.0
BaV2(NiO4)2,0.2661
PH3,3.6422
Sr3P6(N4O3)2,4.7238
LiMn5(CuO)2,0.0444
BaTlBr,0.0
TaIr3,0.0
Ti2VTe4,0.0
RbCr5Se8,0.0548
Mg2CrWO6,0.0
TiCuSn,0.0
Y2IrRh,0.0
Mg3BH2O5F,4.1336
Ba4CaPt,0.0
Na2Ti2Sb2O,0.0
Ba4NbIn,0.0
Sr3BiP,0.0
BaCuP2,0.0
FeSeCl7,1.1393
Rb2S3,1.3825
BaNaHg2,0.0
SiB3,1.6071
BaMnCr2,0.0
SmCuS2,1.1803
CaSn,0.0
Hf3SnO8,3.7212
HfCdO3,0.0
Li4TeO5,2.8293
Be2ZnCd,0.0
K(MoS)3,0.0
BaRhF6,0.0
U3As4,0.0421
Ag5SbS4,0.7115
LiGa5O8,2.7689
YBePt2,0.0
YbErPt2,0.0
Hf2CS,0.0
MgZnRh2,0.0
K4SrU3O2,2.1976
Ti(NCl)3,2.231
BePdCl,0.0
CeTl3,0.0
BeZnSn,0.0
NaHgPd2,0.0
Ba2TlSn2O7,0.0
BeVSi4,0.0
CaNb2O4,1.3515
UTe3,0.0
Sm2V2O7,0.0
CeZn3Pd2,0.0
CrP4,0.0
NbGe2,0.0
SmH3,0.0
ZrPd,0.0
Mn2CdO4,0.2077
LiBe2W,0.0
BCl2,2.8392
YAgSe2,0.6204
CrF5,0.0
YAl2,0.0
Li2ErTl,0.0
Al8Cr5,0.0
ScTc3,0.0
BaCaYb2,0.0
ZnSbO3,0.3127
Li2CeO3,2.5707
LiBe2Ru,0.0
Na3ScF6,7.0886
Ce(NiGe)2,0.0
Ba4GaIr,0.0
KSiH3,2.4909
NiHO2,0.0
Sm2Pt2O7,1.2373
NaLu3,0.0
U(CrC)4,0.0
RbPrTe4,0.3471
SmLuTl2,0.0
MgCrO3,0.0
Rb4SnO4,2.3589
Yb(SiRu)2,0.0
Pr2AlNO3,1.0341
Pm2InAg,0.0
BeBiMo,0.0
CaBiF6,0.0
BaGa4S7,2.4543
PaAlRu2,0.0
ZnMoO3,0.0
KLiZnO2,2.5225
TmBiO3,2.5461
MnBePb,0.0
Li2U3P2O5,2.4497
TbCu2,0.0
BeCo4Hg,0.0
NaAlB4,1.8891
HfAlAu2,0.0
Ba2UCoO6,0.0
VI3,0.0
CaHfBe,0.0
Ca(BeP)2,0.8441
ThCo5,0.0
Li3MnCo3O8,0.4245
Ca3TeO6,3.4657
MoW2(SeS2)2,0.7403
CeU5O2,0.0
CdPd(CN)6,4.1602
PrSmTl2,0.0
TaBeRu,0.0
MgScHg2,0.0
Ba2CaPd,0.0
Li2TiCrO4,0.0
Ba4MgP,0.0
Mn2AlCo,0.0
Ni3(SnS)2,0.0
NpB6,0.0
Nd(NiBi)2,0.0
RbAuSe,1.9664
BaNb2O6,1.8742
VCo2Sn,0.0
Mn(CuCl2)2,0.9797
CrH,0.0
Be2Co2Se,0.0
TiSnO4,2.269
CaPrAg2,0.0
NdS3,0.0
Li4BeRh,0.0
Ba4As2O,0.6682
NdHoIn2,0.0
BeCoPd,0.0
LaCdAg2,0.0
DyTl3,0.0
Nd3SnC,0.0
BaNaMo2,0.0
ZnSiN2,3.534
BePb2S,0.0
Mn2BePd,0.0
RbNO3,3.0184
Rb6Br4O,1.628
Tb2C,0.0
Zn3N2,0.0
NaRe2As,0.0
Ca2Sb2O5,1.8179
CeInAg2,0.0
BeBi2W,0.0
LuBPd3,0.0
ZnFeO3,0.0
Sr2PdPt,0.0
BeNb4W,0.0
Ni3(PbSe)2,0.0
YbDyRh2,0.0
Er2S3,1.1804
AlPt3,0.0
Hf2NiRh,0.0
TiBeTe4,0.0
Ba4NbRu,0.0
H4INO4,2.44
NdNi2,0.0
BaCdSe4,0.0
ZrBe2Fe,0.0
BaCr4O8,0.0
Sm2Ge5Ir3,0.0
Li4Co3NiO8,0.0
BeCuBr4,0.0
TmB6,0.0
Mg(BC)2,1.4451
RbAgSe4,1.0664
SrHI,3.6077
Al(NiO2)2,0.0
Li3Co(N3O)2,2.3322
KHg2B,0.0
Li3(FeO2)4,0.0
Ca(BO2)2,5.5666
BaInTe2,0.0
KNO3,3.0711
Li7CuO4,2.4247
LaNiO2,0.0
CeInPd2,0.0
Rb2AuI,3.2734
MgSi7Ir3,0.0
Li2CdAu,0.0
BaSi2Br,0.0
Te2OsCl2,0.0
Li2Ti4VO8,0.0
Li2Fe3SbO8,0.0594
Pm3Y,0.0
Na5OsO6,0.0
K3Sb2Au3,1.0098
BeTcHg,0.0
BaBiP4,0.0
MgVF6,0.0
CeO2,0.0
B4Mo,0.0
Rb2Te,1.8872
TiMn2V,0.0
PmCl3,3.096
LuMg3,0.0
Th3Co3Sb4,0.0
BeGaP,0.0
Ba2Zn2ClF7,4.5477
BeMo3,0.0
ZrBe2Cu,0.0
Ca4Al6TeO2,3.232
Y2CdAu,0.0
HoInAu,0.0
ThAs2,0.0
GaAs,0.0
NaTaO3,2.6502
Li3CrS4,0.0
DyB4,0.0
LuNiBC,0.0
Sr2H6Ru,2.1793
BeMoOs2,0.0
LiY3WO8,2.3174
La2CuO4,0.0
KHoO2,4.06
V2N,0.0
Li2Ni3SnO8,0.0
CaHfZn,0.0
CePt2,0.0
LiS,0.0
SrZnSn,0.0
TeAsHO5,3.165
Mg2NF,2.5079
NaBeTc2,0.0
FeAs4F8,0.0097
Ba4TlIr,0.0
Ca3Pb,0.0
BaZrTe,0.0
Ca4Al6SO6,4.9135
Ca3TaGa3(SiO2)2,4.0707
Ba2TlAg,0.0
KSO2F,3.8124
Na5SiAs3,0.9197
Na3Li3N2,0.0
BaYBi,0.0
LuInCu2,0.0
K4Al3Si3ClO2,4.6313
PrBr3,3.5256
HoH2ClO2,4.6937
NaBH4,6.4291
BeMoSe,0.0
SmIn2Ir,0.0
Sm2Hf2O7,3.8097
Be2CrMo,0.0
SeOF2,3.7569
MgTi2O5,2.97
NaH6CN2ClO2,5.1325
MgBeSb2,0.0
Bi2OF4,4.1846
MgSc,0.0
LiPrTl2,0.0
CaBe2V,0.0
NdSi2Rh3,0.0
TbSn3,0.0
CaTiBe,0.1101
Ba2Li3TaN4,2.4873
GaS,1.3455
TmAlO3,6.2469
MgMn2Be,0.0
Pr3(BN2)2,0.0
Ba4ScW,0.0
Ba4OsBr,0.0
Na2SnBAsO7,1.2963
LaTaBe2,0.0
LiAl2Pd,0.0
Rb2SnCl6,2.2202
TiAsAu,0.0
Ba4ZnTc,0.0
BaLiSn,0.0
As(IF2)3,1.1686
NiS,0.0
BaTe,0.7678
LiBiPd2,0.0
TmHg,0.0
NpAs2,0.0
TaP,0.0
Eu(MgH3)2,0.0
NaPaO3,3.2799
HfGa5Co,0.0
MgBeTc2,0.0
BaSnS2,1.7621
HoCoSi2,0.0
NaCo2O3,0.0
Rb2LiTlCl6,1.4949
Cu2PdAu,0.0
Th3S,0.0
Pb2SO5,3.2179
Be2NbCd,0.0
Ba2YTaO6,3.4449
Rb6AlSb3,0.409
LiMgAsO4,3.6579
Ba4SrPt,0.0
TiBeP,0.0
HoAgGe,0.0
NaCuSe,0.0
Ba4SiSn,0.0
PtCl2,1.5356
Si3Os,0.0
NbS2,0.0
AlGaO3,2.8114
BaV2Os,0.0
Li2Pt,0.0
NaPt2,0.0
Ba4MgPt,0.0
YBeIr,0.0
NaTiO2,0.0
Sr3Yb,0.0
Th3Si2,0.0
Pb(CO2)2,2.8557
CaHfBe2,0.0
S(IO3)2,1.8502
LiLu2Os,0.0
Ca(CoO2)2,0.0
Sm(ErS2)3,1.068
Na3VBAsO7,0.1297
UI3,0.0
BeCo4Os,0.0
BaHfCu2,0.0
ErBiPt,0.0
Ba4LiTa,0.0
Mg2SnN2,0.2484
MoS2,0.0
Ba4TcCl,0.0
K2CrPCO7,1.3219999999999998
TmBPd3,0.0
YAsO4,3.9081
ScMo3O8,0.0
HoTl,0.0
HfScHg2,0.0
Mo(WSe3)2,1.1396
Li2TiVO4,0.0
Y2Si2O7,4.9842
Tl2Pt(CN)4,2.7486
Sn2Pt,0.0
Ti2Pd3,0.0
Ta2Te3,0.0
NiAsPb,0.0
YAlGeO5,3.9603
BaVBi,0.0
NbO,0.0
Cr3PdN,0.0
YBO3,5.3273
RbCd(NO2)3,2.2337
SmCdAu2,0.0
KBIr2,0.0
PrTlCd,0.0
Ho2AgIr,0.0
LiCa2Cd,0.0
BaYAgSe3,1.3848
Ta2I5,0.0
BeSbP2,0.0
TmAgPb,0.0
BeVSb,0.0
Tm(SiPt)2,0.0
CaCuO2,0.0
Sm(GeRh)2,0.0
Li2YbGe,0.0
NaHCN2,4.3391
Al2BiS4,2.6424
GaCuS2,0.7614
LiBe2Zn,0.0
DyYAl2,0.0
Te2Mo(WS2)3,0.0715
AsSe,1.0807
Rb2Se,1.8419
VNiSb,0.0
MgCuGe,0.0
BaNa2Tc,0.0
Mg2BeW,0.0
BeGa4Pt,0.0
NpP3,0.0
Ca2CdPb,0.0
NdTiGe,0.0
LiSnAs,0.1228
FeCl3,0.0
Ba4MnRe,0.0
ScBe2Si,0.0
TaSnS2,0.0
Li2SmTl,0.0
Li3LaP2,0.5021
Ba4ZrW,0.0
AsIr2Rh,0.0
Ti2InNi,0.0
Rb2Hf2O5,1.8479
CeAlCu,0.0
MnZn3,0.0
Li3Nb6O,0.0731
HfOs,0.0
MoCl2,2.5138
Sm3Ge5,0.0
IClO,1.2221
Ho3CuGeS7,1.6814
TmB2Ru3,0.0
Sm(CuSi)2,0.0
VSnPO5,0.0
Ba4NiW,0.0
ZnSnO3,1.5386
ErMnSi,0.0
KCaO3,0.0
MoO3,0.0
PuB4Mo,0.0
Sm2CuRu,0.0
MoO2,0.0
BaY2PdO5,2.1095
CaMnF5,0.0
NaNbO2,0.0
ZnBiF6,0.0
In5S5Cl,1.1622
Ti2CdO5,2.5579
MnNi2Sb,0.0
BeCo2Ir,0.0
LiGeAu2,0.0
K3Al2As3,1.3706
Np(SiAu)2,0.0
Sr4In2N,0.0
TaBeRe,0.0
PuSi2,0.0
BeGa4Tc,0.0
Th(SiOs)2,0.0
Ge(BiTe2)2,0.6098
Lu2TcAg,0.0
PI2,1.5941
RbSrO3,0.0
Yb(NiP)2,0.0
ThAg2,0.0
U2FeS5,0.0
Li2VCr(PO)4,0.1678
NaMg2Tl,0.0
TlBSe3,0.9228
Tm3Si,0.0
Pr3Sn,0.0
Y2Cr2C3,0.0
TbS,0.0
Th2TeN2,1.6733
NaBeMo4,0.0
Sr2BeCo2,0.0
Pm2SnPd,0.0
HfCo3B2,0.0
PmSi3,0.0
LiCdAs,0.0
Ba4PtSe,0.0
ZnPd2Au,0.0
NdSb2Pd,0.0
Cr3Si,0.0
Be2InW,0.0
Li4BeSe,0.0
TbPt3,0.0
UNiSn,0.0
K2RbBiSe3,2.0923
KTi5Se8,0.0
Ba(Cu2P)4,0.0
Lu2TlHg,0.0
SrCrRh2,0.0
NbW9Se20,0.0
CaC2(SN)2,3.4328
SrCuO2,0.0
KSr3,0.0
TmMgPt2,0.0
Sb3Ir,0.0
Ba2YFe3O8,0.0
LiAl2Tc,0.0
Be2GaCl,0.0
KBe2Os,0.0
RbI3,1.6593
NbN,0.0
Pu3Ge,0.0
NdYIr2,0.0
Ta2B,0.0
KLiMnO2,0.5585
ZrSi,0.0
MoAsSe,0.0
Re2C,0.0
K3NaFeCl6,0.0
CuBiSeO,0.3737
Na4SnO4,2.2171
MgScAg2,0.0
As(IF3)2,0.5094
Sc2ZnCu,0.0
TiBe2V,0.0
TbSbPt,0.0
Ag2GeS3,0.3652
Th3Mg,0.0
NbSbRh,0.0
ZrCdPd2,0.0
YbPrMg2,0.0
NbCrSe5,0.0
Pm2MgAl,0.0
BaTl2,0.0
Sb3Pb,0.0
PmSnAu2,0.0
VFeH2O5,0.0
LuSeClO3,4.3061
Ca5MnO6,1.4852
TiFe2,0.0
Ba4NbHg,0.0
Ba3Te,0.0
PdC,0.0
Li4Ti3V3(TeO3)2,0.0
Al(SnO2)2,0.0
Sm(MnGe)2,0.0
HfZnCu2,0.0
Be2SiBi,0.0
CdIn2O4,1.0783
CaCr2O5,0.0
LiPrHg2,0.0
YSnF5,3.1565
Ti2VSe4,0.0
V3(PO4)2,1.1015
Ca5Sb3,0.0
Ti3NbCu3O2,0.0
BC5,0.0
ZnP,0.0
HgS,0.0
YbTi2CdO6F,0.0
YbPmRh2,0.0
LiAlO2,6.7601
SrLi2Ge,0.0
Dy(GePd)2,0.0
NaNbN2,0.8916
Ba2CuH6,0.0
BeRe2Pb,0.0
YbDyHg2,0.0
FeCo,0.0
AgCSN,2.3263
Mo3W(SeS3)2,0.8897
BeOs2Ru,0.0
K2HfF6,7.3281
NaBe2Sn,0.0
MnBeRe2,0.0
Ba4SbSe,0.0
Ca(CoGe)2,0.0
FeBO3,0.0
Be2ReP,0.0
RbPdF3,0.0
BeTeSe,0.0
BeRePd,0.0
SmAu,0.0
Dy3Ga,0.0
KBa2Ni,0.0
MgFeF4,0.069
Na8N3O,0.0
HoMgSn,0.0
Ti2InN,0.0
CeScSi,0.0
HoInPd,0.0
HCl,2.5849
MgBeAl4O8,6.0738
CaSi2,0.0
Mn5CuO2,0.0
Ho2MnOs,0.0
OsC,0.1908
MgWF5,0.1926
SmRhC2,0.0
Li2GaIr,0.0
Li5BO4,5.7794
TiCdF6,4.3412
LaPd3S4,0.0
TeOsCl2,0.0
Tl2Sn(AsS3)2,0.9636
HoB2Os,0.0
BePRh2,0.0
LuSb2,0.0
CaIn4Ir,0.0
Mg(InTe2)2,0.6319
TaBe2Os,0.0
KBaZr,0.0
DyAlZn,0.0
H6PbCNCl3,2.738
NaCaTaTiO6,2.5119
ScBeNi2,0.0
In2AgSe4,0.0
ScBe2Cl,0.0
PbS,0.0
SmCu,0.0
HoMoClO4,2.5449
FeGeRu2,0.0
Mn2OF2,0.6393
Be2NiMo,0.0
Tl6TeO2,0.0
Ba4CrFe,0.0
BiF3,4.2451
Ti5Si3,0.0
Sr2N,0.0
Sm(HO)3,3.7575
ZrSiPt,1.3684
BeOsRu2,0.0
PrCl3,4.4055
Ba4ZrNi,0.0
LaOF,5.1196
TlCrTe2,0.0
Li8MnO5F,1.7599
Be2NiSn,0.0
Ba4YGa,0.0
SmTmO3,4.9258
ZrInNi4,0.0
FeAs,0.0
Ca(AlGa)2,0.0
Sc4C3,0.3149
MgF2,6.1739
CdSe,0.0
Na2LiAlF6,7.737
DyBPd3,0.0
CuCl4,0.0
TaVO5,2.0723
BeSnIr,0.0
Tm2Ga8Fe,0.0
Zn3Hg,0.0
PmZn2Ag,0.0
BaRh2Br,0.0
Mg4BeRu,0.0
DyTiClO3,3.1761
BaCaHg,0.0
HfCrO3,0.0
NaYb(PS3)2,1.5719999999999998
Li2AgAs,0.2575
TcIr3,0.0
BeSiNi,0.0
TiCrAs,0.0
DyP5,0.261
Al2HgSe4,0.4477
SrLiBe2,0.0
Ca2FeIrO6,0.0
Ba4InGe,0.0
KSm(P2O)2,5.7437
TiBeNb,0.0
NaCrO2,0.0
LiDy3,0.0
PbO2,0.0
NaCdO3,0.0
Ba3Yb4O9,0.0
Pr2Ni2I,0.0
MnCu2GeS4,0.192
NbSiPd,0.0
GaPd2,0.0
HfScBe2,0.0
KMnAg3(CN)6,0.0
TaZnOs2,0.0
KCN,5.444
SmIn,0.0
AlC3,0.0
CeAlO3,0.0
NaAu2,0.0
Be2TcBr,0.0
SbPt3,0.0
SrB2,0.0
BeRe2Os,0.0
Ho5Ni2Sb,0.0
RbTi5Se8,0.0
Dy(GeRh)2,0.0
Ba4BeRu,0.0
UTe,0.0
Ba2NbO,0.0
BeVNi4,0.0
NaLiFe2(Si2O)2,0.0
Dy5Si3B,0.0
SmMnSi,0.0
CaC2,1.4437
Te4MoW3S4,0.0
AuClO2,0.16699999999999998
CaMg(CO3)2,5.1719
TbNbO4,3.4886
BeFeTc,0.0
TiBiRh,0.0
Dy2PdRu,0.0
Nb7(B2C)3,0.0
Cr3SbO8,0.0
BaSrMg,0.0
Sc2AlAu,0.0
BaPdS2,0.0
LuPPt,0.0
Ba4CuP,0.0
TcN,0.0
Cu(BiO2)2,0.0
BS2N2OF7,5.3184
BaYSc2,0.0
LaIn3,0.0
Np(CuSi)2,0.0
Ba4NaRh,0.0
Pr(PRu2)2,0.0
LiIr,0.0
Nb4O5,0.0
PH2NO2,0.0
Te6Mo3WSe2,0.2558
Co3W,0.0
LiBH4,6.9175
K4HgP2,1.0176
LiEr2Ga,0.0
Li4Mn3V3(SnO3)2,0.0
Li2Ni2SnO6,0.183
SmCo3B2,0.0
HfBeOs,0.0
NaSr2AlP3,0.4651
Cu2SnTe3,0.0
Sr2MnO4,0.0
Zn2PtRh,0.0
Pm2Mg,0.0
P6SeO24,3.7324
La(FeP)2,0.0
Ti3AlC2,0.0
TmCl2,0.0
K3ReClF6,1.6274
Li7Fe3(SiO)2,0.0
BeGaAg,0.0
PrSnAu2,0.0
Sc(Al2Fe)4,0.0
Ta4C3,0.0
CeMg3,0.0
Nb6Co7,0.0
NaBeSi2,0.0
YTlSe2,1.3093
Pr(CdP)3,0.4970000000000001
Ba4NiGe,0.0
SrTa2Bi2O9,2.2173
Al2HgSe4,1.4625
SrMnBe,0.0
Dy5Pb3,0.0
TbB2Ru3,0.0
Hf2BeSi2,0.0
Ba4SnRh,0.0
CdPt,0.0
ZnCu2GeTe4,0.0
ErCu4Au,0.0
DyB2C,0.0
YbSe,2.0524
Tm2CuPt,0.0
Mn2SiW,0.0
Hg3(ClO)2,0.2516
Li8NbO6,0.0
RbF2,0.0
HgPS3,1.6787
Li4Fe5,0.0
ZrCl,0.0
Tb2Pt2O7,1.4286
Lu2CuRh,0.0
SrSbAu,0.0
Ba5As3ClO2,4.2725
Li2FeO2F,0.0
PuCo2,0.0
LiDy2Ru,0.0
CaBeBr2,0.0
Ta2O,0.0
LiCd2Ni,0.0
SiTe2Os,0.0
NpNi5,0.0
HoCdPt2,0.0
LaMgBe,0.0
TiBeOs4,0.0
TmCuPb,0.0
YSiRh,0.0
TmLuIr2,0.0
Ti2Ga3,0.0
In2S3,0.0
Ti2CuAs,0.0
Ag3Hg,0.0
Ti2BeMo,0.0
DyMg2,0.0
VPt3,0.0
HBr,4.6572
Na2P2PbO7,4.4891
V2C,0.0
InS,1.0156
Sc6FeTe2,0.0
Mg3(MnAl4)2,0.0
Yb2MgS4,0.0
ZrAsPt,0.0
BaMoO3,0.0
BSe2Cl,0.0
Ba4FeIr,0.0
DyCl3,3.6046
LiSn4Rh,0.0
VF3,0.0
Sm4Mg3Co2,0.0
Nd(NiP)2,0.0
Th(GeRh)2,0.0
Ba(BS2)2,2.6728
Sr2CeO4,2.4199
Ce2CrN3,0.0
Na3ScBr6,3.2853
CeScSb,0.0
SiSnO3,1.3678
InCuO3,0.0
Sm(ErSe2)3,0.8104
ThOs2,0.0
MnCu2SnS4,0.0
Li3Mn3Fe2,0.0
Ba4MgPd,0.0
Li2AlPt,0.0
Li3MnF7,1.8816
NbBW,0.0
Np(SiOs)2,0.0
Yb(CdSb)2,0.0
MgBe2Br,0.0
NbSbRu,0.3691
Be2VRu,0.0
Cd3PCl3,1.7402
NaMgBO3,4.1078
BaTaB,0.0
Ce(AlGa)2,0.0
Be2ZnW,0.0
SrRhF6,0.0
BaSrIr2,0.0
Dy2B4C,0.0
Ba4YW,0.0
BaMgTe2O7,1.9607
TePbO3,2.7874
KTm,0.0
BaTeO3,2.8042
YTaBe2,0.0
Ba2BrN,1.1872
NaBeMo,0.0
Na4ReN3,2.5056
YbP5,0.0
TlAgI2,1.8332
BPd2,0.0
K2NbCl6,0.0
PrIr2,0.0
Sm(SiRu)2,0.0
Be2TlP,0.0
BeO,8.7613
TmBi3,0.0
Ba4BeSi,0.0
Sm2Mn2P7,0.0
YbPrPd2,0.0
HoAl7Au3,0.0
BaCdGe,0.0
LuSnAu,0.0101
Y6CoBi2,0.0
ZrCo3B2,0.0
NbGaO4,3.4057
PmMg,0.0
In3Sb,0.0
Sc3TlC,0.0
Na2TmPCO7,4.7084
BaInHg,0.0
CuSiRh2,0.0
ThPb3,0.0
CaYAg2,0.0
NbF3,0.0
Na2PtO3,1.6526
PaTlAu2,0.0
Rb2NaInF6,5.5871
Na2CoP2O7,0.7573
Rb2PtS2,1.2762
BeHg2Pd,0.0
Hf2N2O,1.369
K(CoAs)2,0.0
NaCoO2,0.8373
Ce4DyO9,2.3636
VIr3,0.0
Ba4MgMo,0.0
K3AlH6,3.2364
Ir2S3,1.1113
Te2W,0.9855
Rb2Li2GeO4,3.7052
BaTa2P,0.0
Zn3Ni,0.0
Er2V2O7,0.0
Li2BeCl,0.0
ScAsO4,3.6975
TbMg3,0.0
NaCuO,1.3816
CaHoTi2O6,0.0
KSrBe2,0.0
AsWBr,0.0
PrCu5,0.0
TiBeCd2,0.0
LiCa4(BN2)3,2.4443
NaOsO3,0.0
LaMg3,0.0
Ni(HO)2,0.0
LiSmHg2,0.0
BaMg(SnO2)4,0.0
Sr2CoO4,0.0
NiAgO2,0.0
MnGaFe2,0.0
NaTaBe,0.0
Ba4YV,0.0
NbAu2,0.0
CdCu2SnSe4,0.0
LiMn7(OF3)3,0.8661
KBePd2,0.0
SrGaSn,0.0
HfTe3,0.0
Na4Ni2O9,0.0
Sr(ZnP)2,0.7675
Li2RhF6,0.0
Ca2CdIn,0.0
YMg,0.0
LuGaRh2,0.0
HfH3,0.0
Ga2CoAs,0.0
TiCo2Si,0.0
RbBeO3,0.0
UCuAs2,0.0
K3Bi,0.4193
CaMg(SiO3)2,4.8917
HfAlPd2,0.0
Mn5As4,0.0
Ti2BeCl,0.0
Nd4S3NCl3,3.0762
BaPr(CoO3)2,0.0
Ba2PrRuO6,0.0
TmBi2IO4,1.5746
TmLuIn2,0.0
NaLiAs,0.0
Ba6ZrO8,2.6116
MgBe2Rh,0.0
DyIr2,0.0
CrSi2,0.3699
Th2SeN2,1.6756
Ti3Be,0.0
HoSiRu,0.0
U7Te2,0.0
ZnFe3C,0.0
LiSc2Al,0.0
BaAg2GeSe4,0.2729
WCl4O,0.5002
PrO2,0.0
BeSnPt,0.0
MnNbGe,0.0
CoSI,0.0
AlP,2.0495
Fe(BW)2,0.0
TePdO3,0.0
TmLuCo2,0.0
Ce3Al,0.0
SrCaO3,0.0
CaTi4Fe3O2,0.0
Sr2FeMoO6,0.4408
Mn2GeO4,0.0
SmTl,0.0
K3ReH6,0.0
MgSO4,6.0514
Be2Zn,0.0
ZrB,0.0
BeZnGe4,0.0
LiInP2O7,4.2836
Mn5SbO2,0.0
LiBO2,5.9113
LaBeP,0.0
Li3Al2CrO6,2.2718
LiAlFeO4,0.0
Li2TiMnO4,0.0
YCo2,0.0
Sm2Mo2O7,0.0
PrH3,0.3621
Zr2BeCl,0.0
UTl2(TeO4)2,1.8657
Zn3TeAs2Pb3O4,3.0746
MoS2,0.9551
Nd(Fe2Sb)2,0.0
Sm3Mg,0.0
LiEr2Al,0.0
CrP,0.0
NaHoF4,7.1421
H4S(NO)2,5.6097
K2NbCuSe4,1.6667
AuN,0.0
TbAg,0.0
BeP4Rh,0.0
K2TeBr6,2.1345
Zn3Sb,0.0
Li4CO4,5.4807
CeMgZn2,0.0
Pa3P4,0.0
RbTlO2,0.9844
Li9(CoO4)2,0.0
CaTiPO5,0.1667
Cd(AuF4)2,1.9082
LiCa3,0.0
LiHg2Au,0.0
ZnB4O7,5.7188
CdBiClO2,3.0883
TlCr5S8,0.1598
Eu(SbOs2)2,0.0
Mn2BeCo,0.0
BaMnSe4,0.0
BaZnSb,0.0
LiBBr2,0.7003
CaBeBi2,0.0
LiLa2Os,0.0
Ba4FeSn,0.0
SmMgPt,0.0
CuBi(PSe3)2,0.5737
Rb2V3O8,0.67
Rb2TaCuS4,2.3985
BeSiIr2,0.0
Rb3Bi,0.0
Li2ScFe(Si2O)2,0.0
NaBeV,0.0
Mn2SiRh,0.0
LiLuHg2,0.0
Na4FeO3,0.7443
VIrO3,0.0
NaCd2Ag,0.0
LiNdHg2,0.0
BeTl2Os,0.0
NdBPt3,0.0
U2IrC2,0.0
CaAu2,0.0
HgB2As,0.0
Mn2S3,0.0
LiTaO3,2.446
Sr3Co2Cu2S2O5,0.0
LiTbSe2,1.5559
NbBO4,2.5673
TlAgF3,0.0
TlSbSe2,0.7093
YBPd3,0.0
Er2FeSi2,0.0
Na2TiSiO5,3.0323
ErMgSn,0.0
NdAl3Ni2,0.0
BeCuBr2,0.0
Ba2YTlV2O7,0.0
Ba4CdP,0.0
CoNiSn,0.0
LiGaNi2,0.0
Na3MnPCO7,2.1203
Ba(AsPd)2,0.0
ZrGa2,0.0
HoPO4,6.2725
YbLuPd2,0.0
SrBe2W,0.0
KMnCl3,1.7657
RuOF4,0.5025
BeRuPb,0.0
BaHfHg4,0.0
CrAgO4,0.6508
LiBeW,0.0
SrBe2P,0.0
Be2RuAu,0.0
Tb4InRh,0.0
KBe2Co,0.0
Li3CrSiCO7,1.7173
U3MnSb5,0.0
Ga3Pd7,0.0
BaPdCl4,1.1612
LiVF4,0.0
Ba4MgSi,0.0
Zn2In2S5,0.0
Fe2O3F,0.0
Li8TbO6,0.0
K2TaAgS4,2.5502
Be2TcPb,0.0
ScIr3,0.0
Al2Pd,0.0
Co9Se8,0.0
BaSnTe,0.0
Ba3As2,0.0
Be4TeO7,1.4672
Tc3Pt,0.0
K2ZnH4(IO)4,3.0314
YHg3,0.0
MnTlPd2,0.0
TmSbPt,0.0
BaTiCd,0.0
V3B2,0.0
LaAl2,0.0
Nd3Sb5O2,3.1796
ErBi2ClO4,1.4663
Li4Co3(OF3)2,0.0
Tc3Ru,0.0
BaPdF4,1.4064
SrBeBi,0.0
KIO4,2.3280000000000003
TaBeTc,0.0
MgBe2Pb,0.0
UTe,0.0
Ba4Cl6O,4.51
LuAsO4,3.7627
Ba4HfBi,0.0
NdFeSi,0.0
Yb4Mn2Sn5,0.0
Ca(CdP)2,0.8327
TlPPd5,0.0
BiI,0.8202
HfInCu2,0.0
ErClO,5.0886
Sr5Bi3O2,0.0
Ba5Re3BrO5,2.5812
V2GeC,0.0
TaBeIn4,0.0
LiPm2Pt,0.0
LiCdPd2,0.0
Be2CrW,0.0
AcAg2Sn,0.0
ZrInCu2,0.0
Cd2PdRh,0.0
BeTl2Ni,0.0
Te4Mo3WS4,0.135
Er2AlSi2,0.0
InCuRh2,0.0
TiSnO3,1.1466
Li4GeO4,4.2931
Ce7O2,0.0209
LiBeH3,3.0634
DyI3,1.716
In2FeS4,0.0
YB4Os,0.0
Y(SiAu)2,0.0
Ti6Al6Ni7,0.0
Nd4MnSe6O,0.0
Be2HgW,0.0
DyCdPd2,0.0
MgCO3,5.2235
Sr3Cr2O8,0.0
BeFeTe2,0.0
Tb(NiP)2,0.0
Ba(SbAu)2,0.0
NpGaRh2,0.0
CeAlCo,0.0
Sc2CoSi2,0.0
RbAl(H2N)4,3.4402
HoMgAu2,0.0
Ba3LuIr2O9,0.0
Ca2Sn3O8,2.5968
Li3UO4,0.4218
Mn4Bi3NO5,0.9032
Mn2Ru(CN)6,1.8002
Ti5Pb5O4,0.1437
NiAgSe2,0.0
K(CoS)2,0.0
BaSe,1.258
DyAsO4,3.8377
Nd(SiRh)2,0.0
Sr(CuSb)2,0.0
Pu(SiOs)2,0.0
TmLuRh2,0.0
PdPb2,0.0
Mg2Ni3P,0.0
ZnGeO3,0.0
Hf6Zn6N,0.0
Nd2NiO4,0.0
LiCu2Ge,0.0
BaMgCl2,0.0
SmRh3C,0.0
CoAs4F8,0.4798
Rb2CaH4,3.3686
HoB2Ir3,0.0
K(OsO3)2,0.0
K4Br2O,1.0019
BeInW,0.0
Na3C,0.0
YGa3,0.0
Sm(GePd)2,0.0
HfOs2,0.0
KHgAs,0.0
NiTeO4,0.0
CoSb2Br2O3,0.3670000000000001
Be2PtBr,0.0
Ca(NiO2)4,0.0
K4ZnAs2,0.8067
LiCaGe2,0.0
K2UTe3,0.0561
Dy3(AlNi3)2,0.0
Hf5Sc,0.0
NiO2,0.0
BaLiP,0.7237
Th(CrGe)2,0.0
Ti3Ag,0.0
YTaO4,4.0584
Sm2SiTeO4,2.0271
Ba(CdAs)2,0.14400000000000002
RbBiS2,1.4384
MoPt2Br,0.0
NaBeRh2,0.0
KBaMg2,0.0
MgPdF6,1.9414
SiPt,0.0
Li4BePd,0.0
Tm(CuSi)2,0.0
Hf6Co6Ge7,0.0
ZrCr2As,0.0
YNiC2,0.0
Ba2ErRuO6,0.0
UCl4,0.0
Y2BeFe,0.0
Li2BePt,0.0
NpGa2,0.0
Nd3Sm,0.0
Ba2Ge,0.0
K3BePCO7,4.2674
YBe2Ge,0.0
LaBeBi2,0.0
RbCr4O8,0.0
BeInCl2,0.0
GePd,0.0
BeBi4Pd,0.0
LiCuSbO4,0.4981
ErFe2,0.0
NbCu3S4,1.6401
LiCd2In,0.0
BeP2Br,0.0
Sr3NiPtO6,0.7116
TlCr3S5,0.1359
Nb2Tl5S4Br9,1.6204
Li3CrO4,0.2312
VCoSn,0.0
TbInRh2,0.0
NdSnPd,0.0
CeBRh3,0.0
TmIr,0.0
NdAl3,0.0
MgBeSb,0.0
Ti2CrTe4,0.0
UFeS3,0.0
Nb3Te3As,0.0
LiTb(CuP)2,0.0
Te3As2,0.3517
LuTlRh2,0.0
RbFeS2,0.0
RePbClO4,3.1721
LiBeTe2,0.0
LuRh3C,0.0
NaBePb,0.0
CuSi2As,0.0
HfBe2Ge,0.0
Mg2PHO5,5.3183
Li3Nd,0.0
SmPS4,2.323
LaBe2Si,0.0
Ca3(GaN2)2,2.2528
PuAs,0.0
BeInMo2,0.0
ReC2,0.0
AgAsSe2,0.0
Zn3Os,0.0
TiO2,1.7387
CaCuF4,0.9642
SmCdAg2,0.0
Mg3Si2H4O9,4.4083
YbCoC2,0.0
Na8PO3,0.0
NpN,0.0
DyWO4,0.195
LuAl,0.0
Ca(CdSb)2,0.0681
LiBePb,0.0
LiMnVO4,0.4875
BaZr2Te,0.0
Yb(Mg3Al)2,0.0
ErCoSn2,0.0
VOF,0.0
TaMoN,0.0
Zr2Al3,0.0
NaMg2Be,0.0
CaSmRh2,0.0
Mn3W3C,0.0
LaZnAu2,0.0
Na2BeNb,0.0
CaBeGa2,0.0
NdZnSn,0.0
CoB3W,0.0
CaSnF6,5.5152
Si2Ru,0.0
TiBeBr4,0.0
Yb2CdSe4,0.0
TaCuRh2,0.0
Mn3OF6,0.2757
TbCl,0.0
BaNa2Sr,0.0
K2SnSe3,1.547
Ba4MgFe,0.0
BeTcMo,0.0
Li7(SbS)2,0.622
YbErHg2,0.0
Li8FeO5F,0.6436
Ba3Fe2Br2O5,0.3677
GaSeBr7,1.9928
Li4BeSi,0.0
Th(InBr3)2,2.8277
ScTlAg2,0.0
NaMgO3,0.0
MgCu(SiO3)2,0.0
BeTc2Ni,0.0
TmLuRu2,0.0
KTeOF3,4.1695
K4V2O7,3.268
Nb(SeBr)2,0.8167
HfHgO3,0.0
Np(SiPt)2,0.0
ZrIn2,0.0
Ba4ZrPt,0.0
Pu2InRh2,0.0
HfAsIr,0.0
NaScS2,1.6925
NdAl3(B2O)2,5.3902
Te2Mo3WS6,0.1536
HoCdCu4,0.0
VCuRh2,0.0
Sm2Mg,0.0
BaWO4,2.1773
ZrTe,0.0
BeV2Cd,0.0
BeInP,0.0
TlAgTe,0.6945
LiCrFeO4,0.0
ScCd3,0.0
LiCaSn,0.0
RbAu(SO4)2,1.8576
MnCoO3,0.0
AgSnO3,0.0
TaBeBi,0.0
RbGeI3,1.0794
VAg3O4,0.5896
MnBe2Nb,0.0
BeP2Ir,0.0
AuC5(SCl)4,0.0538
AlZnNi2,0.0
NbNiAs2,0.0
CaCdPb,0.0
BeRu2Rh,0.0
Ba4LiBi,0.0
SrAlGe,0.0
YbCuGe,0.0
CrCl2,0.0
ScBr2,0.0
Tl2PdSe2,0.0
Ba4InP,0.0
LiCa2Al,0.0
Al6Cd4SO2,2.8201
Na3Nd5Cl8,4.1582
Fe(CoSe2)2,0.0
NaVCdO4,2.5941
BeCu4Tc,0.0
LiTi3O4,0.0
Ca2MnSbO6,0.0
WSeS,0.7035
BeFe2Re,0.0
HfBe2Co,0.0
NdMgZn2,0.0
CaBe3,0.0
Li3AsO4,4.3839
Ni(BW)2,0.0
KSc(MoO4)2,3.6034
PaBi3,0.0
Zn2AgSbO6,0.1038
Rb2MnF5,0.0
NbOF2,0.0
Np(CrGe)2,0.0
Na4CrO3,0.4108
K4CaU3O2,2.2271
Be2GePd,0.0
Be2SiP,0.0
Ba4TeBr,0.0
Hg4Pt,0.0
NaH,1.7749
HoIr2,0.0
CuBi,0.0
TbGa3Os,0.0
BeNbNi,0.0
Mg(ReO4)2,3.9032
CrGaFe2,0.0
DyS2,0.0
KCoAs,0.0
BeTlCl4,0.0
Yb3GaC,0.0
Mn4Ge6Ir7,0.0
HoCuSb2,0.0
Tb2Ti2S2O5,0.6324
SmTlCd,0.0
UBC,0.0
HIO3,3.0991
TaBeFe4,0.0
Ac2NiGe,0.0
Ta5Si3,0.0
Ba2H6Ru,1.8541
NaCeO2,0.0
Na2ZrSi4O,4.744
BaIrCl2,0.0
Pd7Se2,0.0
AcAl3,0.0
Co2C,0.0
YbInRh2,0.0
CeC2,0.0
Ho2Hf2O7,3.2033
Ba2TlCl,0.0
SnSe,0.3869
Rb3PS4,2.8974
LiFeSbO4,0.0
MoCl5,0.0
Tb3InC,0.0
AlHO2,5.3406
MgZr2,0.0
NaFeO2,0.0
Rb2Pd3S4,1.1343
CrMoF6,0.0
Be2VPt,0.0
RbAg3Se2,0.0
KrF2,2.6293
Rb2NaErF6,6.9910000000000005
LiCd2Pt,0.0
BeCuNi2,0.0
Sr(AlPb)2,0.0
NaYSn,0.1692
Ca2Pb,0.7046
HgI2,1.7662
YBeFe,0.0
Ba2Na2O3,2.5349
LiMnO2,0.7167
Li4Nb3Fe3(SbO3)2,0.0264
NbZnRu2,0.0
PrTlSe2,1.2269
Y(CoS2)2,0.0
TbSiRh,0.0
Mn3GeIr,0.0
FeAs2O7,0.0
Be2CrBr,0.0
Sr3NiIrO6,0.0
LiCaN,1.7246
SmDyIn2,0.0
Li4Cr5,0.0
LiCu2Pd,0.0
Hf(BeSb)2,0.0
Sr2LiIr,0.0
Pm2GaAg,0.0
SmCd3,0.0
V2CrSe4,0.0
PPdSe,0.7164
K2CN2,3.636
Li3FeCo3O8,0.0
AsPO4,4.7045
Pu(CuSi)2,0.0
Be2PRh,0.0
Ag3PO4,0.3323
BePtRh,0.0
Ca(GePd)2,0.0
BeHgW2,0.0
Sm(AlZn)2,0.0
BeCdW,0.0
BeIn4Si,0.0
Ti(BiO3)2,0.0
Re3Se4Cl,1.1052
Np(CrSi)2,0.0
TiAgSe2,0.0
MnTeMoO6,1.0342
La3Cu4(P2O)2,0.0
NbSiTc2,0.0
Ni2S,0.0
Ba4MgGa,0.0
AlTl(MoO4)2,3.909
Co2NiSe4,0.0
NaBeBr4,0.0
YbPmAg2,0.0
CaNiN,0.0
TbAs3,0.0
Ba4BeCl,0.0
DyInPd2,0.0
Pr(NiSn)2,0.0
Pt(SCl3)2,1.6505
YBe2Fe,0.0
Ba3Sn5,0.0
TaNbTc2,0.0
WSCl4,1.6974
CrO3,0.0
YReN3,0.0
YbB2Ir3,0.0
Zn(SnO2)2,0.0
LaBeP2,0.0
BaZrF6,6.4229
Rb2CdO2,1.5328
Ba(BeN)2,1.4038
Tb2IrRh,0.0
SiBO3,0.0
CoSnF6,0.3705
CrSiH2(OF)6,0.0
ErN,0.2376
BaHg,0.0
BaTlBr2,0.0
AlCuRh2,0.0
CaIn2Cu,0.0
BeReSn2,0.0
KBaHg,0.0
ErSiIr,0.0
BTe2As,0.0
ScUTc2,0.0
Li2Mn3GaO8,0.0
Sn(CO2)2,2.5932
BaAuCl,2.2628
Rb2CrCl4,0.0
CoH3(CN)6,4.1256
KrF2,2.4244
LiBeB,0.0
NaLiSe,2.7499
Be2NbCo,0.0
Ce(AsPd)2,0.0
AgHO2,0.0
HoNiBi,0.162
Hf2In5,0.0
HoTlSe2,1.3235
Ba4ScSn,0.0
Ge(PbS2)2,1.9264
As2Cl3OF5,3.2731
ZnGaO3,0.0
YTmCu2,0.0
Mg(VN)2,0.0
CaBHO3,5.2983
TiF3,0.0
TiGeRu2,0.0
ScNi,0.0
TmIr2,0.0
TiMn2W,0.0
V2CuS4,0.0
ZrCd,0.0
BaCaCl,0.0
HoSO,1.3534
BeAlB,0.1013
Rb3AuO,0.0
GaAs2W,0.0
LiMnFeF6,0.0
YMgBe2,0.0
ScNiP,0.5757
Tb3Al5O2,4.539
YHg2,0.0
K2Be2PbF8,5.6647
Sr2C(NCl)2,4.4030000000000005
TiCo2Sn,0.0
Al(CoSi)2,0.0
Tm2AgRu,0.0
Rb2NbCuSe4,1.7062
K4SnSb2F4,4.0266
NdAsSe,0.1729
Hg3Sb,0.0
LiTeO3,2.2326
Li2V2CoO6,0.0
Er2Re2Si2C,0.0
SiS,0.6583
NaTaGeO5,3.3479
GaH5(NF)2,2.9129
CoN,0.0
Rb3Na(RuO4)2,0.5056
BeVSn,0.0
KSb4F3,4.7132
Ba2YGa,0.0
DyTl,0.0
MnSiN2,0.5202
LiZr2Os,0.0
BaMgHg,0.0
HfTc,0.0
BeTlSb2,0.0
NpH3,0.0
LiErS2,2.0399
Zn3(Ni10B3)2,0.0
NdPt5,0.0
YBe2Pb,0.0
TbTlSe2,1.2882
TmF3,5.8128
KNa2Sb,0.9198
Sr2LiReN4,1.8391
Y2ZnPb,0.0
BaSc2Cu,0.0
YCo3H2,0.0
Nd3Ga,0.0
TcGe3,0.0
Li2TiTe3O2,1.6269999999999998
PrBiAu2,0.0
Ca(NiO2)4,0.0
YBeGe,0.0
ScOs4,0.0
Tm(GeRh)2,0.0
SmP5,0.0
UAl2Cu3,0.0
BaHfBi2,0.0
TlBiSe2,0.2528
Nb3O7F,1.5874
BaAl4S7,3.1017
Dy2AgIr,0.0
NdHo3,0.0
Sc2BeTc,0.0
NaVO2,0.0
Ba4ZnPb,0.0
Li6MnS4,1.8008
Nb4C3,0.0
Fe(Sb2O)2,0.0631
SrTl,0.0
YBeCo4,0.0
Ba4TiCu,0.0
LiCoSiO4,0.0
AgBiS2,0.0
NaHg2IO2,1.4071
ZrTiTe4,0.0
Nd5Sn3,0.0
LiSi2NiO6,0.1843
TmPa3,0.0
LuAlB4,0.0
CaAs3,0.0
PHF2,3.5179
BaPt5,0.0
Y(SiPd)2,0.0
LaTeCl,0.6587
BeCdFe2,0.0
ZrCr2,0.0
Lu2MgGe2,0.0
YbCeZn2,0.0
Ho6ReO2,0.026
RbBa3,0.0
Mg2CoSbO6,0.5781
Li4Mn3Fe(B2O)2,0.0333
KBeTe2,0.0
HoHSe,1.6982
Tm2OsRh,0.0
Li4TiTe3O2,1.6994
Tl2MoO4,3.1453
HoSb3,0.0
LuMgCd2,0.0
NaAsP,0.0
Ba4ScBi,0.0
CaSiBHO5,5.6268
TbAl,0.0
Ba2LiV,0.0
AgN3,1.8972
Li2AlVO4,0.6652
SiMo3,0.0
ErCo3B2,0.0
CuBi(WO4)2,1.2033
NpMn2,0.0
Mn3PdN,0.0
Tm3Mg,0.0
Mn2BeCo,0.0
Ag3Sn,0.0
LiHoSe2,1.5991
Er8Ga3Co,0.0
Ba4SnIr,0.0
Nd5(FeB3)2,0.0
SbTeI,0.8908
LiCoCuO4,0.0
DyAgSn,0.0
BeNi4Rh,0.0
MgBe2Ni,0.0
Mn4NiO8,0.0
TbSiIr,0.0
BaCaBr,0.0
Mg3H4O5,4.0962
CeInPd,0.0
K2YBe,0.0
Th(SiNi)2,0.0
ZrFeSb,0.0
AlCuF5,0.0
HoTiSi,0.0
SrAgSb,0.0
Al2NiRu,0.0
ErIr,0.0
MnPd3,0.0
CuTeO4,0.0
TiBr4,2.5203
TaTe2,0.0
LiFePd2,0.0
ZrFeTe,1.2126
K2Zn3O4,1.6891
Ba2CdBi,0.0
MnH2SO4,2.0548
SrB4O7,7.3523
ErSb2,0.0
Rb4PbBr6,3.9455
MnBeCl2,0.0
SiBi3,0.0
TeWSe,0.5134
MgSbRu2,0.0
LuS,0.0
BaCrSe4,0.0
Rb2PdCl6,1.0907
Ba4TlZn,0.0
H2C,6.5536
LiV4O5F7,0.0
Be2CdIr,0.0
ScFeSi,0.0
K4ZnP2,1.018
YIn2Ni,0.0
LuPO4,6.14
TlPd5Se,0.0
BaCd2Bi,0.0
SnIrSe2,0.0
Li2NiO2F,0.0
Na2CrH2F8,0.1087
K3SO4F,5.9153
MnGePd,0.0
Ba4TiBr,0.0
SrBe2V,0.0
BaSe,1.9147
Ca4Bi2O,0.8366
Ba3MgTa2O9,3.3528
ZnBi2B2O7,2.6886
PtF4,1.2969
U2Cu4As5,0.0
BaTiAlCuO5,0.1547
CaMnSn,0.0
KNdTe4,0.3128
Nb2VSe4,0.0
KBeRe2,0.0
Ca2InHg,0.0
VZn2O4,0.0
PrDy3,0.0
MgSn(GeO3)2,1.7338
K4Re2O,0.0
TiFeSi,0.0
Mn2Sn,0.0
CO,5.8101
YbMgTl2,0.0
In3Pd2,0.0
Li4V3Cr3(WO3)2,0.0
BaH4(BrO)2,4.6674
DyInNi,0.0
CoCu2SiS4,0.0
SmZn2Ag,0.0
HoSbRh2,0.0
Sr(AlCl4)2,5.3291
BaScIr,0.0
Rb2ZrO3,3.4748
NaIn2Pb,0.0
Ba(FeAs)2,0.0
Li4Cu(PO4)2,0.7224
CuCClO,2.2956
Pm2PdRu,0.0
Ba4NbTl,0.0
ZrMnP,0.0
BePIr,0.0
Tb2Pb2O7,1.0398
K2VCuS4,1.2731
Ti2IrOs,0.0
HfAlRh2,0.0
RbBe3ZnF9,6.3974
BMo2,0.0
BaSi2,0.0
LiBe2Mo,0.0
BeNb2As,0.0
LiBeRe,0.0
LaCoTe,0.6641
MnF4,0.0
CaCdO2,0.5379
BaTlSb,0.7131
LuAgO2,2.3855
Tm3InC,0.0
Ho6Bi2Rh,0.0
Mo2SeS3,0.9529
Ba4GaTe,0.0
VFeTe,0.0
Sm4S3N2,1.3025
HfBe2Tl,0.0
Sc(MnSn)6,0.0
Er3InC,0.0
NaCa4Be,0.0
AlTc2Pb,0.0
NbAlFe2,0.2398
Ti3Se4,0.0
Pr2(Zn2Ge)3,0.0
SiF4,7.8517
YAu2,0.0
SrFeMoO5,0.0
VZn2P2O9,1.3821
Mn2CoO6,0.0
LiFeAsO4,0.08199999999999999
NaHg2Bi,0.0
CeSe,0.0
SmIO,2.2149
Li5ReO6,2.1955
BeTcNi,0.0
TbSc,0.0
Li3Sm,0.0
ErP,0.0
CaMgSiO4,5.1452
TmHg3,0.0
BeFe4Re,0.0
BeCrCd2,0.0
Rb2Se5,0.7586
CoTeO4,0.0
Ba(AgTe)2,0.6732
YMn2,0.0
LiMn2(PO4)2,0.0365
Tm2CuTc,0.0
BaAg5,0.0
BaCuRh2,0.0
TbBRh3,0.0
Sm2CuIr,0.0
Ba4MnP,0.0
ZrW2,0.0
Li2InGa,0.0
KTl2MoF6,0.5604
Ti2BRh6,0.0
GaNi,0.0
Nd2GeO5,2.4653
KCuO,0.0
NaCo3O4,0.0
AgB2,0.0
NaBS2,2.4945
NpPd3,0.0
Ba2ZrS4,0.6716
Hg3SbAsS3,1.4102
FeSn,0.0
Sc2BeBr,0.0
MgTaBe2,0.0
Li2PtF6,2.5231
BeGeSb,0.0
Pr3SnC,0.0
Al2O,0.0
PrCdHg2,0.0
AlCuSe2,1.0689
BaBeGa,0.0
As3Ir,0.0
LiGaS2,2.9751
SmDyZn2,0.0
GaAsIr2,0.0
Be2TlP,0.0
KBaSn,0.0
Sc2BeCu,0.0
BeTeCl4,0.0
ErSiRu,0.0
BaTbO3,0.0
Li2CdGeO4,2.593
AuS,0.0
ErBRh3,0.0
ZnCuMo,0.0
Al5C3N,1.0289
Y3B7W,0.0
ZnNiSb,0.0
Ba3BPO3,1.3239
YbIn2,0.0
Mg2TlPb,0.0
Sr3Co(CN)3,0.9071
CdS,0.3061
Yb2AgSn,0.0
Er2Pt2O7,1.591
KCaNi2,0.0
Dy2CdIn,0.0
BeI2,4.0393
Cr4OF,0.3031
Li2YAl,0.0
Pb5(SI3)2,1.8046
SiMo2As,0.0
BeSnOs4,0.0
Na3Rh(N3O)2,2.5637
LiHoGe,0.0
TiBe2Rh,0.0
BeGeBi,0.0
Cr7Se8,0.0
SmPt3,0.0
Be(CN)2,6.0238
SiP,1.2441
ZnCu(SiO3)2,0.0
Li6Zr2O7,4.1256
Nd(AsRh)2,0.0
Li2BeGa,0.0
CaSmHg2,0.0
Pr5AgSe8,1.462
Tl2CS3,1.6886
LuAl2Ni,0.0
TbZn2,0.0
Be2IrBr,0.0
Be2SiRh,0.0
TiSiRu,0.0
CaZnSe2,1.5722
TbSmHg2,0.0
Sm2ReO5,0.8365
K2SO4,0.0
BaZnBi2,0.0
ZrSnIr,0.0
LiCo5O7F,0.3056
Mn2F7,0.0
Be2VTe,0.0
BaCa3O4,2.3032
BeSbPb2,0.0
LiSc2Tc,0.0
YBe2Ru,0.0
Sr(BiB2)2,3.6316
Li5SbS4,1.4608
NaNiO2,0.0
MgAgF3,2.1211
Fe2SiS4,0.2548
ZnGaIr2,0.0
ZrCuSiP,0.0
YAlO3,3.978
Tc2AsPd,0.0
KFeS2,0.0
SrAlGeH,0.8852
CaGaBO4,4.088
Cd(AgO2)2,0.2949
Tl2SiNi,0.0
BeZnO3,0.0
Ba4ZnCu,0.0
Ba4ZnMo,0.0
AcMg,0.0
Be2NbTc2,0.0
Ba2MgReO6,0.0
B4CCl6O,4.0597
PbSeO3,3.0523
CaGaN,0.0
Hg(IO3)2,2.7403
LiFe2O3,0.0
BaAsAu,0.0
NaNdS2,1.9932
BaYFe4O7,0.0517
AlZnRh2,0.0
Na2PtO2,1.6517
YbInPd,0.0
Rb3CO3F,3.9187
Ba4NaBi,0.0
K2NaFeO3,0.1702
LiAlSiO4,4.8011
RbFeO2,0.0
Ge2S3I2,2.0235
Ni3Ge,0.0
Na2CaBe,0.0
Sr2YIrO6,0.0
Sc2ZnS4,0.5801
Ho(AlC)3,0.0
LiYbO2,0.0
TiSCl6O,2.3171
NaAsO3,0.0
SmAg2Sn,0.0
SrGa2,0.0
Ho3SnC,0.0
InCuS2,0.0
SmClO,4.8632
Na2GeF6,5.6876
BaCoS2,0.0
LiCuAu2,1.2805
AuBrF6,1.9267
Mg2Ni3O8,0.6897
InSn2Br5,2.2408
K2Be2Se,0.0
Ba4YPb,0.0
MgTiBe,0.0
Co(PtO2)3,0.0
In2TeO6,1.2308
ScBeW2,0.0
LiBe2Pt,0.0
USiS,0.0
FeNi3,0.0
PW,0.0
LiAsPd2,0.0
Ca(AuF)2,1.6398
Mn9Cd,0.0
Mn2CoSn,0.0
Zn3Pt,0.0
Ba2HoCu3O7,0.0
Mn3OF5,0.0
Ho2Mo2C3,0.0
CeAl3,0.0
La2BeZn,0.0
Ba4LiCuC2,0.9809
U2Fe2P7,0.0
BaZrCl,0.0
TiBe2Zn,0.0
LiSiRh2,0.0
BeTcPb,0.0
SrHfO3,3.8856
TbMn2,0.0
BeFeCo2,0.0
DySiRu2C,0.0
LaCd,0.0
NaMnO2,0.0
NaTmO2,4.6241
V(GeO3)2,0.0
Tb5Br8,0.0
NiO,0.0
ScGa2,0.0
RbUAuSe3,0.0
Ba4LaTa,0.0
KYSn,0.7967
KPrSiSe4,2.1308
BeNbTc,0.0
Ti2ZnOs,0.0
PaTe2Au,0.0
NaInO2,2.1545
Y2Co2O7,0.0
Ba4HgMo,0.0
PuB2,0.0
YLuCu2,0.0
CaH2,1.0549
ErAg(PSe3)2,1.6509
BePdPt2,0.0
CaBe2Fe,0.0
BaLi2La,0.0
Rb6Cl4O,1.7559
SmO,0.0
Sm2Fe2Si2C,0.0
Li4Mn3V2(NiO2)3,0.0
Tb3CuGeSe7,1.1
Ca3BiSb,0.0
Ba4HfIn,0.0
SbCl3F2,1.6061
Nd2IrPd,0.0
LiTm2Os,0.0
NaMgBe2,0.0
SrF2,6.4747
BeHg4Ru,0.0
HfBeP,0.0
NaRhO2,1.3171
Li3V3CoO8,0.0
ZnRh,0.0
BePPb,0.0
YbHfRh2,0.0
AlFe2Ni,0.0
LiCo5O5F,0.0
Hf5Sn4,0.0
BeV2Re,0.0
TmNpRu2,0.0
BaSiN2,2.9105
KP2AuS7,1.515
Ca2Sb2O7,0.0
SN,0.0
Ga4SiO8,2.6485
SrCuSb,0.0
ZrGe2,0.0
Li2AlAu,0.0
Ba4SiIr,0.0
Sr2ScIrO6,0.0
TcAsCl,0.0
Y2CuRh,0.0
VPd2,0.0
CrAs2,0.0
LuAl2,0.0
CaTi2,4.1262
RhF3,0.9274
NdSi2Ru,0.0
ZrAlW,0.0
Mo8P5,0.0
NbCoSn,1.0568
RbCu2Br3,1.8735
Mn3Au,0.0
LiNiPO4,0.3506
U(Mo3S4)2,0.0
RbSnCl3,1.5007
SrCaBe2,0.0
Na2CoO3,0.2536
Y2Pt2O7,1.5503
Er5Ge3,0.0
TbAlNi,0.0
Mg2B4Ru5,0.0
Ba4MnMo,0.0
LuSbPt,0.0
CaSn(BO3)2,3.9786
MgB2,0.0
Hf2BeBi,0.0
LiBi3(BrO2)2,2.5798
TmCdPt2,0.0
LiBe2Ni,0.0
BeIn2Cl,0.0
ScZn3,0.0
LaBeCr4,0.0
HfBeP2,0.0
KPrTe2,1.2649
Mn3Al,0.0
LaMgHg2,0.0
LiIn2Pt,0.0
Li4V3CrO8,0.0
FeP2,0.3823
LiVP2HO8,0.0464
La2ZnRu,0.0
Na3CdPCO7,3.4217
Ba4MnCo,0.0
RbCuF3,0.0
Ba4PIr,0.0
Sm6GaCo2,0.0
BaCrBr2,0.0
PaFe3,0.0
Rb2NaCrF6,2.1405
CaWN3,0.5625
BiBTe,0.0
NbO2,0.0
Ba4TiSi,0.0
Be2CoCl,0.0
ThSO,1.2686
Li4Ti3V3Cr2O6,0.0
Sn(SbTe2)2,0.201
BaSi6N8O,4.2623
LuRhO3,0.0
SrMnRe2,0.0
MgCrF4,1.418
Li3ClO,5.339
VBiPbO5,2.6121
Y2CuIr,0.0
MgTa2N3,0.0
Mn2SiRu,0.0
LiBe2Ga,0.0
Th(Al2Cr)4,0.0
Sr3FeN3,0.0
SmDyHg2,0.0
TbPbAu,0.0
Ba2LiZn,0.0
K4BeW,0.0
TaZn2CuO6,0.0
Pr3MnAlS7,0.0
Y2MgS4,1.8418
Li5Mg,0.0
TiCdO3,0.0
TbAg2,0.0
LiYAu2,0.0
Ti(CrS2)2,0.0
PuRu2,0.0
Rb2ZnO2,1.7343
KV3(SeO)2,2.3413
CuH4(OF)2,0.5263
K3MnO4,1.1507
BaBeV2,0.0
Nb2Pb2O7,0.9801
ZrFeP,0.0
Mg2TcO4,0.0
Rb2SCl6F,0.0
TbNi4B,0.0
BeNbGa,0.0
Li2Cr(CoO3)2,0.0
Tb(FeB)2,0.0
NdSmIr2,0.0
Tl4GeS4,1.7262
USb2,0.0
CaBe3O4,4.0625
Ti3Bi,0.0
Be2PPb,0.0
Be2SbMo,0.0
InCuTe2,0.0
BeSiCl,0.0
KTeF5,5.3473
Sr4I6O,4.0416
YSbPt,0.0
Li2Ti2O5,3.7949
BeInGe,0.0
SmMgHg2,0.0
PrSO,2.0575
ScRh,0.0
PmAu3,0.0
LiNdO2,3.8653
Cu8O7,0.0
NaTiBe2,0.0
Sm2ZnGa,0.0
Cr2F5,0.0
NaSO2,2.2564
CdCu2SiS4,1.0399
ThZnRh2,0.0
PHN2,4.7133
PaGaCu2,0.0
YMgHg2,0.0
PmRh2Pb,0.0
FeNiN,0.0
Ba2CaTeO6,3.2554
Ca3AlN3,2.8544
YbNbO4,0.0
Mn4ZnO9,0.0
Mn3SiIr,0.0
Be2ZnBi,0.0
Ta4Ni2C,0.0
ZrSbRu2,0.0
BaLi4Bi,0.0
Sr3P2,0.1913
ZnGaRh2,0.0
GeI2,1.7618
Be2ZnFe,0.0
ScSiRh2,0.0
LiFeOF2,0.0
CoAsRh,0.0
CaCuAs,0.0
Lu2InAg,0.0
Mg3BN3,1.5975
FeNi,0.0
Ca2Sb3O8,0.0
BaGeTe,0.0
CaMgBe,0.0
Sc5Si7Pt9,0.0
HfCr2,0.0
Zr(MnGe)6,0.0
Li2Mn3CuO8,0.1588
Na3MnAsCO7,1.3048
Er(CuSi)2,0.0
Zr(SiNi)2,0.0
LiBeNi,0.0
V2O5,1.8432
CeCrO3,0.0
Mg(VS2)4,0.0
Al2Mo3C,0.0
AgBiO2,0.8057
TmN,0.2675
Ti2BeFe,0.0
Ba4GaP,0.0
LiSc2Pt,0.0
BeNbSb,0.0
Pm2ZnGe,0.0
NiMoP8,0.0
Cr2S5,0.1399
Ag2PdO2,0.175
Be2IrRh,0.0
Li3NdSb2,0.0
MgZrAu2,0.0
BeSnAs2,0.6732
Ta(BeIr)2,0.0
MgBe2Tc,0.0
Ti3PO2,0.0
YHO2,4.3614
K3H5Pt,3.0863
SmCuO2,2.5872
KAgO,1.6278
ErVO4,2.7673
Sr3(AlSi)2,0.0
CeSi2Pt,0.0
V3Pd,0.0
Cu(IrS2)2,0.0
Li2BiAu,0.0
Al2Se3,1.9449
PdO,0.0
MgTiF6,4.6667
NbCr2,0.0
Nd2BiO2,0.0
SbF3,4.6264
ReO3,0.0
Mg2RhAu,0.0
Au(OF3)2,0.3972
HoTe3,0.0
Nb2CS,0.0
Li3CoNi3O8,0.0
NbBi3O7,1.8264
CuSnAs,0.0
TiS2,0.0
NpFe2,0.0
BeTe2Pt,0.0
HgPd,0.0
LiV3O4,0.0
ErPd,0.0
CdCl2,2.8232
P2PbAu2,0.0
Ba(MgSb)2,0.9118
Y3AlNi8,0.0
HF,7.349
Na2H4Pt,2.5014
BaTi2Ga,0.0
LiP2WO8,0.0
TeO3,0.2832
TeMoWS3,0.1594
Ce3Mg,0.0
NdSmZn2,0.0
KAg2PS4,1.0573
KBePt,0.0
LiScTl2,0.0
RbMg,0.0
Ba4VRe,0.0
BaCeO3,2.4554
Li3Ag,0.0
Yb2InPd2,0.0
PtI3,0.5032
LiFeP,0.0
Ba4HfIr,0.0
BaYHg2,0.0
U3O8,0.0
BaCoNi2,0.0
V(Sb2O)2,0.0
Ta2Ni3S8,0.5034
LiBeOs,0.0
K2Cd(AuS)4,1.964
CuAu,0.0
BeInRu2,0.0
CdCuSb,0.0
MnNi2Sn,0.0
MgWO4,0.6582
Ba2YCo3O7,0.0
BaCuAs,0.0
Ho(SiRh)2,0.0
V2H3O5,0.0
BaNa2V,0.0
BaSc2Ta,0.0
YbBiPd2,0.0
Na4Mo(NO)2,2.3922
HfSO,2.87
ZnSnAs2,0.0
Li3AlF6,8.4409
ErZnGa,0.0
RbInBr3,0.0
ZrIN,0.7757
LiNbO3,3.3387
B4C,1.6596
KCr5S8,0.1733
HoThTc2,0.0
Si2H2O5,4.9435
PbAuO2,0.0
NdDyTl2,0.0
K2BeTe,0.0
Cr2CdS4,0.4459
Ba2HgBr,0.0
Mo2O5,0.6114
ZrBePd,0.0
PrFe2,0.0
Na(OsO3)2,0.0
NpCo2,0.0
Hf6Al6Rh7,0.0
V5Ge3,0.0
BaLi4Cd,0.0
BaTm2F8,7.5183
K2ReH9,5.0489
Ba4TiNi,0.0
YTaRu2,0.0
ZnMo3,0.0
BeInCu4,0.0
NpGa5Co,0.0
LaBi3,0.0
DyMgAu2,0.0
SnH8(CI)4,3.009
SrTeO4,2.3175
UV2O6,0.0
CaNi2,0.0
ZrBeCl,0.0
SrLiSb,0.7481
TbCd3,0.0
AsCl5,1.0161
CoCu2GeS4,0.0
LiVFeP2(O4F)2,0.1582
SbIr,0.0
BeFe4Pb,0.0
LiMgBe2,0.0
DyHO2,4.2153
SmF3,5.6037
B2Mo2Ir,0.0
Ca(CoS2)4,0.0
Ti3N2O3,1.7343
YbGaGe,0.0
AuO2F,0.884
Cr3Ir,0.0
Tl4SiS4,1.9957
Sm3CuGeSe7,1.1372
Ce(CoB)4,0.0
Ba4MgV,0.0
Co5SnO2,0.0
Hf3Si2,0.0
FeNiGe,0.0
Ba4ReBr,0.0
NbVO5,1.7619
Na4SnSe4,1.4609
ZrAl3,0.0
Ce(SiRh)2,0.0
Tm2OsRu,0.0
Ba2BiSbO6,2.0783
HfCrO4,0.0
Ba4RePd,0.0
ZnAg3,0.0
HoGeAu,0.0
LuMnSi,0.0
TaGaOs2,0.0
V2Se9,0.5002
Sr2MgH6,3.0249
Li2Ce2Ge3,0.0
BeCr2P,0.0
Hf5Sb3,0.0
K2NaRhF6,2.006
BeCu4Sn,0.0
Li3Cr3FeO8,0.0
Li2AgBi,0.0
Be2SnMo,0.0
TbSb2,0.0
BaZrBi,0.0
CoPH6NO5,0.0
YBeIn,0.0
ThN,0.0
Ca2BeMo,0.0
Mn2NiO6,0.5672
BaCaSn,0.0984
K2Pd3S4,1.139
Fe2B4Mo,0.0
BrN,0.0
Nb2CrSe4,0.0
NdI3,1.5844
HoHfRu2,0.0
NaV3O6,0.0
Li2Ti3CoO8,0.5187
YBeZn2,0.0
LiCr(CoO3)2,0.0
ZnIrO3,0.0
PrZnSn,0.0
LiCd2Au,0.0
Zr3Tl2OF2,4.4711
NpInRh2,0.0
BaTe2,0.6132
Er(CoB3)2,0.0
CuAsPt2,0.0
NbRh,0.0
CoSi,0.0
MgGeP2,1.4872
ZrMnSi,0.0
Ce(GePd)2,0.0
YCrO4,0.0
BaZr4Hg,0.0
Li2PrIn,0.0
Ni(AsO3)2,0.8841
KPPdS4,1.412
CaPb,0.0
NaTaNi,0.0
H3ClO,5.4075
Sb2Au,0.0
Sr3(InP2)2,0.5559
TaZn2SbO6,1.2153
KMnTe2,0.0
YFe2,0.0
NaV2O5,0.0
TiBe2Cr,0.0
TaTiOs2,0.0
Ba4TeIr,0.0
Rh3Se8,0.0
Li4ZrO4,4.732
Tm2V2O7,0.0
Cd2As2O7,1.7808
BeIn2Se,0.0
LuFe2,0.0
Y5CuPb3,0.0
Li3Nb3TeO2,2.2608
CaBeW,0.0
Lu(MnAl2)4,0.0
Li4V3Ni3(SbO3)2,0.0
CuS2,0.0
MgCoF5,0.3877
Ta4BeTc,0.0
Nb2CoS4,0.0
Sr3MgRhO6,0.0
TiBe2Ni,0.0
KMnPH2O5,2.0277
Ho(Al2Fe)4,0.0
Nb2P,1.344
BeFeRe,0.0
MgH2SO5,5.9924
CaTlHg2,0.0
MgPb3,0.0
Zr2O,0.0
Ho2Ru2O7,0.0
YBeCr4,0.0
BeNiCl,0.0
Y3Sc2Al3O2,4.4608
SrAl4O7,3.378
Rb2CuH4(Cl2O)2,0.6581
BeSiOs2,0.0
RbZnF3,4.3724
Ba2LaHf,0.0
RbAgO2,1.2487
PbSe,0.0
Ba2MgH6,2.9876
Dy2Mg,0.0
Ca2CuSbO6,0.4476
SmHoTl2,0.0
DyAg,0.0
Rb2Pd,0.9777
Dy3(CuGe)4,0.0
Be2HgMo,0.0
KNaPrNbO5,3.4317
K3Sm(AsS4)2,1.5748
Li4Ti3Fe3(NiO3)2,0.0
NdFe5,0.0
Na2TiGeO5,3.2725
Be2Nb3,0.0
CaAl4O7,4.2809
CeBiPd,0.0
BeVIr,0.0
Tm2CdHg,0.0
Li2H2SeO5,4.0463
Tm(CuO2)2,0.0
Li4MnCr3(P2O3)2,0.0
NbSeCl3,0.6779
Ba4HfFe,0.0
Rb2CoF4,0.0
Cu4Sn,0.4371
Ca2ZnRh,0.0
Sr2NdBiO6,1.6862
YN,0.0
Hf(MnSn)6,0.0
Tl3SbSe3,0.9992
LiIO3,3.6085
HfVGe,0.0
CeY3,0.0
NaMg4As3O2,3.4843
BeTl2Sn,0.0
KP(HO2)2,5.9983
VCo3,0.0
BiF3,4.1386
NaSnO,0.0
Ba4NaRe,0.0
Be2TeRh,0.0
Ho(CoGe)2,0.0
RbWO3,0.0
RbAlAs2O7,3.2687
Y5Si3,0.0
UAs,0.0
Be2TlTe,0.0
KBeTc,0.0
RbHS,1.4182
MoN,0.0
Yb2CdS4,0.0
SiO,0.0
Sc(TiGa2)2,0.0
DyB4Mo,0.2087
CoPtF6,0.0
TiFeO3,0.0
TmThRu2,0.0
SrBe2Zn,0.0
KSrVO4,3.6463
Nd(FeGe)2,0.0
TlCuPO4,0.0
DyGa2Cu3,0.0
Ba2CaIrO6,0.0
BaSr2I6,3.7483
Ba4SrMo,0.0
Ba2ScBi,0.0
Ca(BiO2)4,0.0
LuSbPd2,0.0
Na2Cd3(PO)4,3.3219
Ba4GaW,0.0
PrNi,0.0
MgSnF6,5.1647
RbCaAs,1.5137
Yb2Co2O5,0.0
BaNaCr,0.0
Ba5Al5Sn,0.0
HfSiTe,0.0
CaMnSi,0.0
In2Se3,0.0
Li4Co3Ni5O6,0.0
Li3Fe2(CuO4)2,0.0
CaBe2Bi,0.0
Tb5SbAu2,0.0
Si3H,0.9629
SrPd,0.0
AlH2(ClO2)3,5.2386
RbLuP2O7,5.3475
ErCdRh2,0.0
YCuS2,1.7529
Ce2Fe2Si2C,0.0
Be2IrPb,0.0
LiDyAu2,0.0
USb2Pd,0.0
LaInAg2,0.0
SbH4NCl6,1.8306
Ba2SnS,0.0
NaSmHg2,0.0
CaGa4,0.0
BaSiTe2,0.0
Ba4TcPt,0.0
Zn3Cr2O7,0.0
Ba2SrIrO6,0.0
MnGaFeCo,0.0
Sc2AgHg,0.0
Y2AlSi2,0.0
Mn2PtRh,0.0
AsP2Pt,0.0
W2NCl8,0.1564
PrTe2,0.0
Yb4Br6O,4.69
Ba(PRh)2,0.0
Hf2BeMo,0.0
LuScPd2,0.0
Sr4Fe4O,0.0
LaS,0.0
Li(VS2)2,0.0
Cd2AgRh,0.0
Li(TiSe2)3,0.0
K3VCO8,2.239
Ba4VPt,0.0
HS7N,2.5187
BeGe2Pt,0.0
K2Sn2O3,1.21
BeVGa4,0.0
Zn2CrWO6,0.0
Ti2PtW,0.0
Cr3N2,0.0
ScBeCr2,0.0
Ho2SnAu2,0.0
UFeB4,0.0
Th2Al2C3,0.0
Ta5N6,0.0
TmCuPbSe3,1.1578
TiAlNi2,0.0
CeBPd3,0.0
FeSb3,0.0
CaAgAs,0.1738
NaLi2Sb,0.9294
Li2CaPb,0.0
NaBe2Mo,0.0
PaO2,0.0
Sr3Tm,0.0
Sr3As4,0.5749
TiAlPd2,0.0
Na3SO4F,4.6274
HfTaTc2,0.0
Ac3In,0.0
PmBi3,0.0
Na6ZnSn2,0.0
BaBe2Si2O7,6.0564
Mg2AgPd,0.0
Ag3Rh,0.0
NaNbS2,0.7484
PRh2,0.0
KBaIn2,0.0
Yb3Ag2,0.0
DyPt2,0.0
SmFe2,0.0
NdSnPt,0.0
LiGeRh2,0.0
HoMnO3,0.0
Ba(SbPd)2,0.0
MgSc2Tl,0.0
Na2MnO4,0.0
FeH,0.0
HfTiRh2,0.0
TbYbPt2,0.0
KAuSe,2.0463
GeAsSe,1.3202
HfSiNi,0.0
NdZn5,0.0
LiCr2O4,0.0
PrHg,0.0
BH6CN3F4,5.6679999999999975
Be2TcGe,0.0
ZnSn3O7,0.6574
Ba2LaGa,0.0
BeGeN2,3.5244
KRb2BiF6,4.9682
ZnCdPt2,0.0
MnAl2O4,2.0776
AsIrPt2,0.0
BeCoCu,0.0
FeGe,0.0
Li3(CoS2)4,0.0
YLuCd2,0.0
Er2(NiB2)3,0.0
K3AsS4,1.9759
BeBi4Mo,0.0
SmLu3,0.0
Yb(SmS2)2,2.091
NaYPO4F,5.9007
Ti3O5,0.0
BaInMo2,0.0
Na3PS4,2.5076
RbLiMoO4,4.5335
YFeO3,0.0
TmCuSi,0.0
Tb3Sb4Au3,0.6054
MnSn3,0.0
SmTlO3,0.9013
AlCuTe2,1.1019
Na2LiAu3,0.0
V2MoOs,0.0
CaPtF6,2.6963
PrSi2Ni,0.0
SrGe(PO4)2,4.3394
LaPO4,5.5086
Rb3Tm,0.0
Tb(GaFe)6,0.0
MgRh2Pb,0.0
BaTiOs2,0.0
PrSn3,0.0
ScPd3,0.0
BeCr2Se,0.0
HfAsRh,0.0
Li2CoO2,0.0
LiY(CuP)2,0.0
Ca2In,0.0
Sr4Sb2O,1.0105
BaF2,5.8651
VGaTc2,0.0
Cr2N,0.0
NdBi2BrO4,1.3166
PrN,0.0
MgVP2O7,1.6304
Na2Zn(SiO3)2,3.8168
BaHfS3,0.7357
LiH2BrO,4.6608
KSiPCO7,5.9923
NaLaAu2,0.0
LiAl2Os,0.0
SrBiIO2,2.947
BeReW,0.0
Cd2PCl2,1.4236
Zr2CoP,0.0
SmPtF7,2.4261
Zr2CuS4,0.0
BaO2,2.0696
Li2CoOF3,0.5577
BeCuBr,0.0
DyNi,0.0
NaLi2Hg,0.0
HoC2,0.0
Be2Ni2Ge,0.0
KBeNb2,0.0
Tl9SbTe6,0.7334
ScBeCl2,0.0
VInPt,0.0
V2ReMo,0.0
Th3Bi4,0.0
Ba4MgSn,0.0
Yb(SbTe2)2,0.6049
PrOF,4.4194
ZrCu,0.0
ErCoC2,0.0
CaAcZn2,0.0
Tb5BiAu2,0.0
Li6NiOF6,0.0
W2N,0.0
Mn6O5F7,0.0
Sm3Hg,0.0
Ba4YOs,0.0
Te2O5,1.8466
SmGe2,0.0
Na2Be2O3,3.2836
Fe(BMo)2,0.0
Ba2AsAu,0.5631
SrYBe2,0.0
YbInAg2,0.0
Ti2MnSi,0.0
HfZn2,0.0
YS,0.0
Mg(BeN)2,4.4060000000000015
PaNi2Sb,0.0
CaPb3,0.0
K2TaCuSe4,2.0248
LiGaPdF6,0.9836
Ba(NiO2)4,0.0
BeMo2Os,0.0
ZrBe2Cd,0.0
KBaTe,0.0
Li3Pt,0.0
Mn(FeO2)2,0.0
Na2V2ZnO7,3.0667
NaCrF6,0.0
YCdPt2,0.0
ZnGe3,0.0
Tb3Nd,0.0
CaBePt,0.0
CaBeMo,0.0
YPaRu2,0.0
U(SiPt)2,0.0
Mg3(AsO4)2,3.8967
Be2TlBr,0.0
Pa3Te,0.0
Ti2In,0.0
In2Si2O7,2.0195
CaThBr6,2.2982
CaBe2Cu,0.0
Tb4MgIr,0.0
Nb3IrSe8,0.0
Pr3AgGeS7,1.7905
Ba4ScSe,0.0
LuGaO3,3.9388
Ce(HO)3,0.0
NaYbS2,0.0
PbICl,2.7442
NaAcTl2,0.0
Ca3Sn3Rh4,0.0
Ba4TcRu,0.0
Na3MgP2HO8,5.3011
MgBePb2,0.0
CrS,0.0
Be2GeIr,0.0
Pr3Er,0.0
Rb3MnF7,1.8718
GaCuTe2,0.0
ZrNiBi,0.0
KSmSe2,1.8594
BeCrPd,0.0
CdRhF6,0.0
BiTeBr,1.1307
CrCo2As,0.0
NdAlPd,0.0
Mn2AlO4,0.0
U(GeIr)2,0.0
Ba2Sb,0.0
BeSnSb,0.0
SrBe2Br,0.0
Ba2NCl,1.1449
KRb2VF6,5.1098
Li3PrBi2,0.0
K7Nb(SO4)6,2.7783
CrPdO2,0.0
Ba4CoSn,0.0
MgTaIr2,0.0
Na2BeFe,0.0
SrGa2B2O7,4.1847
Ac2HgGe,0.0
ZnAu,0.0
LiPaRu2,0.0
Na2FeO3,0.6817
TaAsSe,0.0
LuSbRh2,0.0
MgBe2B,0.0
Tb5Si3,0.0
La3Pb,0.0
TlBi,0.0
Mn2Au5,0.0
TlS,0.6693
YTl,0.0
Li2VAsCO7,0.0
Rb2TeI6,1.4245
ScOs3,0.0
LiTl2Rh,0.0
Ba2MnIn,0.0
YPd2,0.0
Be2SnPb,0.0
Li2BeSe,0.0
Dy2Al3Si2,0.0
InCuS2,0.0
PrCo2,0.0
Li4V3Si,0.0
BeNiBi2,0.0
Li3CuF4,1.224
Ba4RuPt,0.0
BaBeGa2,0.0
NaSr2Mg,0.0
YTcN3,0.0
NbV3O8,0.0
DyYCu2,0.0
CaInAu2,0.0
MnGa2Co,0.0
UBr4,0.1765
LiY2Cd,0.0
InTeBr,1.4728
K2PuO4,0.0
HfAu4,0.0
Mg(CoO2)2,0.3379
Na2BeRe,0.0
YMg2,0.0
Lu2CoRh,0.0
Sr2Ni(N3O)2,0.0
InAsF6,3.0429
Cr5Si3,0.0
Na2AlH4ClO4,4.7583
TiBeW2,0.0
Ce(POs2)2,0.0
Sm3Zr,0.0
NiN,0.0
Li4Fe3O8,0.0
NaAuO2,1.3508
YTi4Cu3O2,0.0
TiCo2Ge,0.0
NaNiO2,0.0
Ba2HgBi,0.0
Hg(AsO3)2,0.7408
CoPO4,0.0
Co2GeO4,0.0
LiYF4,8.1495
TaBe2Se,0.0
Ca4Al6O3,4.1012
Na4Sr(SiO3)3,4.4460000000000015
ScAgHg2,0.0
Na2Mn2Se3,0.3481
Nb2RuW,0.0
Ba2MgSi2O7,4.6999
Be2SnGe,0.0
YMgZn,0.0
K2Ge2Pb2O7,3.2424
WO2,0.0
La(SiRu)2,0.0
Ba4MnCu,0.0
YbGa2,0.0
SrPb3,0.0
V2Zn2O5,0.0
U2C3,0.0
BeCoMo,0.0
BaYSc,0.0
SrGe(HO2)2,4.2654
LiUO3,0.5145
Tm2O3,4.4912
BiTePt,0.0
LiBeW2,0.0
Li2CeGe,0.0
Nd3(BN2)2,0.0
LaZn5,0.0
SrSeO4,3.7508
TmCdHg2,0.0
Ba2CaCu2HgO6,0.0
Y3CuGeS7,1.7223
ZnSnO2,1.7412
Mg3Mn4O7,0.0
Ti(PS3)2,1.3364
CuS4BrN4,0.8034
TiCuHg2,0.0
Li2V3TeO8,0.0
Be2PbCl,0.0
Sr3AlO4F,4.6613
ZrZnO3,0.0
Ti2BeCo,0.0
LiF,8.1058
LiNbP2O7,0.2074
Li5V5(CoO)2,0.0
BaYTe,0.0
Ba(MnAs)2,0.0
Ba4CrMo,0.0
Ba3Nb2ZnO9,2.8101
KBeNb2,0.0
SmCdPd2,0.0
Mg(GaO2)2,2.5711
ZnTe,0.0
TiBe2Pb,0.0
Al(BiO3)3,0.0
BeSn2Hg,0.0
Ba4IrBr,0.0
Ba4MoCl,0.0
ZrRh,0.0
ScBeMo4,0.0
Be2CrCu,0.0
Ba2NaBi,0.0
AlVO3,0.0
Na3TiCl6,0.0
Li5NCl2,2.3272
BaCuWO5,0.0
Tc2P3,0.0
YSe,0.0
Mn4ZnO8,0.0
NbS3,0.3546
NdBeO3,0.0
YbPd3,0.0
AsCl2F3,2.9282
Er(NiP)2,0.0
Si2SnO6,3.25
YRh,0.0
CaReBi,0.0
LaBe2Sn,0.0
TmZnRh2,0.0
TmAl3,0.0
SrAs,0.0
MgBe2Nb,0.0
BeGaRh2,0.0
LiHg,0.0
YBe2Re,0.0
NbSe2,0.0
Tb2Mo2O7,0.0
BaCrF5,1.7279
ErGa2,0.0
NdSbPd,0.0
TiPd,0.0
Ba4ReIr,0.0
DyCo3B2,0.0
CaSO4,6.3879
CuPdO2,0.0
Li4H6Os,2.7436
BaFe2P2O7F2,0.195
Ca2YSbO5,2.8069
SnPd3C,0.0
Nd(GeAu)2,0.0
Li2NbCo3O8,0.7318
ScBe2Pb,0.0
Co2O3F,0.0
ErZnAsO,1.2978
MgInBr3,2.137
RuSe2,0.0
Ba2HoReO6,0.0
ErNbO4,3.3007
SrAgAs,0.0
TmTa3,0.0
BaVTe2,0.0
RbBiF4,3.0062
CrCo,0.0
Tl6SeI4,1.5509
BeCrSb2,0.0
VN,0.0
Ca3CdO4,2.818
ZrAs2,0.0
Ce(YS2)3,0.0
TmCu,0.0
NaCaBe,0.0
Fe3Sn,0.0
UCr2O6,0.0
LiBe2Pd,0.0
BaZr2Pd,0.0
BeNb4Ni,0.0
ZrBe2Bi,0.0
Ba2LiOsO6,0.0
TaAlO4,1.8791
Li(NiS)2,0.0
Ti2AsIr,0.0
Ba2HgBi,0.0
LiMgAu2,0.0
K2S3,1.3415
PtN,0.0
ZnCrSF5,0.4006
TaW3,0.0
Nb3Al,0.0
ZrTiAu2,0.0
Pu3Ga,0.0
MgTe,0.6065
Y2BeW,0.0
Na2Be2Sn,0.0
BaPIr,0.0
Ba2AlTlSn2O7,0.0
NaPrAu2,0.0
Li2Mn3SnO8,0.0
LiEuO2,4.5924
TeMo2Se2S,0.1396
HgBi3,0.0
NaScAs2O7,3.6482
Co(ReO4)2,0.0
BiI3,2.2895
CrInCo2,0.0
PaZnAu2,0.0
SrAl2B2O7,4.7267
VH2,0.0
TiNbRe2,0.0
Na4H6Ru,2.0224
BaSrHg,0.0
YbSbPd,0.0
TlCrTe2,0.0
Ba4CaMo,0.0
Dy2C3,0.0
MnBeNi2,0.0
Ba2YTi2TlO7,0.0
CaDyHg2,0.0
LiBeSb2,0.0
Ni(BMo)2,0.0
TiRh3,0.0
K4TaBe,0.0
IN,0.0
Li2AcIn,0.0
Si2Ni,0.0
ReAsPt2,0.0
RuS2,0.5972
BiI3,2.3652
Y2CdIn,0.0
AlCr2,0.0
KV(CuSe2)2,0.8357
Tl2HgSe,0.2875
Sc2BeRu,0.0
Li2Cr3SnO8,0.0
Be2SnP,0.0
TiZn(BiO3)2,0.8951
MoSeCl7O,0.7128
LiTb2Ir,0.0
Li3N,1.6280000000000001
CdCu2GeS4,0.3557
TaBeCl2,0.0
BaSn3,0.0
MgZrPd2,0.0
BeFe4Si,0.0
Ba2Ge(TeSe)2,0.6599
AlTl2F5,3.9374
K2CdO2,1.5527
BeInSe,0.0
SmZn2Cd,0.0
PrCoP,0.0
Tb2Cu(Ge2O)2,0.8498
Ba2Pd(OF)2,0.0
MnSn2,0.0
Li2BeCo,0.0
NaAsS2,1.2713
LiIn,0.0
RbNd(WO4)2,3.5893
Ca3AsN,0.759
TiAlF5,0.0
Hg2Os2O7,0.0
Be2InMo,0.0
HNO,3.1237
NpIn3,0.0
BaAgAs,0.0
Ca2HfO4,4.4096
Sr3DyRhO6,2.1653
BeVRh4,0.0
LiNbVO4,0.0
USe2,0.0
Li2Co(SiO3)2,0.8885
As2PbO6,2.2702
LiAg2F6,0.0
SrZrN2,0.3435
NiAgO2,0.0
NbN,0.0
ErInAu2,0.0
SrLiNb2O6F,1.8508
BeCd2Ru,0.0
Be2FeBi,0.0
BeReHg,0.0
Be2FeSn,0.0
YbClF,6.0354
Ti2N,0.0
Hg3Ir,0.0
PmDyHg2,0.0
KBe2Si,0.0
SrTaNO2,1.2174
BaZnIr2,0.0
TaBe2Zn,0.0
HoS,0.0
PrTlTe2,0.6823
SiBAu,0.0
Rb2NiO2,1.0015
Mg2TaNb2O8,0.1604
Ba4NbMo,0.0
Ti2MnGe,0.0
K2NaFeF6,0.0
Rb2PdCl4,1.6763
K2BeZn,0.0
MgSnO3,1.1756
Tl3AsS4,1.4207
Y2Si2O7,4.7458
TiPCl9,2.2448
Ti(GeO3)2,3.1096
BeTl2In,0.0
MgHg,0.0
Ba4YCu,0.0
Li2MoO3,0.0
TmLuMg2,0.0
RbLuSe2,2.019
Li5Nb2V3,0.0
K2PbO3,1.3122
LuScO3,4.5602
BaIn4Ir,0.0
Rb4CO4,0.8122
LiSn4Ru,0.0
TiZnN2,2.3890000000000002
BeTcSe,0.0
Sr6Li23,0.0
Na2TiF6,4.566
Rb3Os2Br9,0.3689
ThCdPt2,0.0
YHoAl2,0.0
HoGaNi,0.0
Li2Mn(SiO3)2,2.5168
PrCuSe2,0.7986
Ce3In,0.0
Sr2B5H2O,1.3618
MnH8(N2Cl)2,1.6871
MgSnRh2,0.0
Rb2Mg,0.0
KWO3,0.0
Ho2CdS4,0.6803
Ba3Nb2O8,4.7038
InAgO2,0.4062
Ba4CoW,0.0
P2Pd3S8,1.5366
ErCo5,0.0
Na5InS4,2.0234
Al2RuPt,0.0
BeNiSb,0.0
ZrBeIr4,0.0
NiGe3,0.0
Ti2MnRu,0.0
TiAu,0.0
Ho2InPd2,0.0
BaNiO3,1.0911
CeRh3C,0.0
Ba4HfTc,0.0
Lu(Mg3Al)2,0.0
LiZnPO4,4.3992
UBr3,0.0
CeGa3Pd2,0.0
Pd(SCl3)2,1.4517
BeCo2Si,0.0
Tl(NiS)2,0.0
ZrMnRh2,0.0
Te2Pd,0.0
RuF4,0.0
K3In,0.0
Ta2BePb,0.0
Zr6CI2,0.2855
Li2TiPCO7,0.1001
Y(TiS2)2,0.0
NaBeRu2,0.0
Pu2SO2,0.0
KBaTa,0.0
Ba4YIn,0.0
Fe2AsSe,0.0
U4Si6Tc7,0.0
Th(PS3)2,2.5876
AuCN,1.3632
MnGa2Tc,0.0
BeNbPt2,0.0
TiAu2,0.0
VOF2,0.0
CrGeRh,0.0
LuAgS2,0.8481
Y2BeSe,0.0
BeHg2Br,0.0
SeBr,1.0572
BeSi2Hg,0.0
Pr2ZnRu,0.0
YbAgSn,0.0
Bi2Te2W,0.5555
MgSnIr2,0.0
SmFeAsO,0.0
Sc2S3,1.046
ZrNiSb,0.0
MgZn3,0.0
CrFe3,0.0
BiBO3,3.0339
ScSn,0.0
Li5Fe2Ni5O2,0.0
ZrBe2Te,0.0
Ti3SnC2,0.0
SmAl4Ni,0.0
SmSbIr,0.0
Tm2GaOs,0.0
Ba2NaOsO6,0.0
K3SbO4,2.0695
AlRe2,0.0
TlAuO2,0.0
TiAg,0.0
LiMn(PO4)2,0.5063
Zn3(PS4)2,2.3744
BePdW2,0.0
KBe2Ge,0.0
Li6Ta2N8O,3.555
ThSeO,0.9692
BaAl2O4,4.0561
Te2Mo3WSe6,0.5392
MnNiGe,0.0
Na2BeIn,0.0
La2PI2,0.0
Hf2Te,0.0
Sc2IrRu,0.0
BaBi3,0.0
Zn(NiO2)2,0.0
AlTlF4,4.671
CaBiO3,0.1049
TaFe2,0.0
Ba2InHg,0.0
Te2MoW3(Se2S)2,0.2136
Ho3AlC,0.0
SiH8,7.2895
La(SiRh)2,0.0
Be2TcW,0.0
TiAlCu2,0.0
Li2SnO3,3.332
Fe6O5F7,0.0
LiNiN,0.0
Ba3SrI8,3.2296
Ce2SeF4,0.0
Mn2BeGa,0.0
Yb3Ru,0.0
LaGa,0.0
Pr4S3NCl3,3.0194
YAl3(B2O)2,5.4818
LuZnPd2,0.0
Ba2CuC(NO)2,0.0
V2ReOs,0.0
Re2RuBr,0.0
Fe(RhS2)2,0.0
BeIrW2,0.0
Nb3CoS6,0.0
Yb3Ta,0.0
NaSr4(BN2)3,2.2016
Y2Ge2O7,4.0551
SrCN2,3.2289
Er3Al2,0.0
ZnWO4,3.1494
Ba4SbBr,0.0
NiGePt2,0.0
ZrBe2Pd,0.0
NaAsIr2,0.0
KB6,0.0
MgMnBe,0.0
ScI2,0.0
ErIn5Co,0.0
Pr(SiRu)2,0.0
AlAgS2,1.9765
Na2AlPCO7,5.3386
Tl3Pb,0.0
Ba4SbPb,0.0
Ta3Ru,0.0
SnF2,3.4532
TlCdS2,0.0
CePd2,0.0
Li(CoO2)3,0.0
PrMo3,0.0
ReSnAs,0.0
Al2CdTe4,1.6687
Ca(ZnSi)2,0.0
Ba(MgBi)2,0.5959
HfAg,0.0
Eu2BrO2,0.0
ErInNi,0.0
K2SnCl6,2.4598
Sr3BiSb,0.0
K6Cr2O9,0.0
Li2US3,0.0
Ta3SBr7,0.7897
TbSnRh2,0.0
NaCa2In,0.0
K3PS4,2.8942
Na3In2Au,0.0
LiPdW2,0.0
Be2NiP,0.0
MnBe2Ge,0.0
Cd2Hg,0.0
Be2GeBr,0.0
VSiOs2,0.0
FeCN2,0.0
BaMn4ZnO8,0.0
GeO2,0.9727
Mg3Sb,0.0
LiCoOF2,0.0
USe,0.0
BeReBi,0.0
NiO,0.0
Pm2NiRu,0.0
Ca2Al2SiO7,4.5843
SmTh3,0.0
Be2CuBr,0.0
YOs2,0.0
PrGeAu,0.0
BaZnSO,2.416
Tc3N,0.0
SrNb6O6,1.7239
HgI,1.4761
Li2V3O6,0.0
LuTlTe2,0.7124
LiCaAs,1.8826
CeSiHRu,0.0
Y2GeRh3,0.0
Ba2TlSb,0.0
MgB9N,1.777
BaBiO3,0.0
U2Fe3Ge,0.0
DyTlPd,0.0
Pr(PdO2)2,0.0
ZnSiP2,0.0
Ba2AlSn3O7,0.0
OF3,0.8283
Li2V3CoO8,0.2873
Be2InRe,0.0
Ba2TiSb,0.0
Na2BiAu,0.4269
LiAuF4,2.0728
SmPO4,5.8781
LuMoClO4,2.8006
Si2TcIr,0.0
CeOs2,0.0
KTiBe2,0.0
BeSnSb,0.0
AlI3,3.017
ScCo2Sn,0.0
KNa2,0.0
CaCeAg2,0.0
Ba2ZrCl,0.0
GaCuO2,1.032
CaLaZn2,0.0
InAg(PS3)2,0.9793
NaHf2VF,1.6166
HoNi2B2C,0.0
Y3Mg,0.0
Ba4MgGe,0.0
Li3MgPCO7,5.6998
BeTc2Sb,0.0
Ca2RuO4,0.0
Ba4ScTe,0.0
SmInRh2,0.0
YTe,0.0
Sr2BeGa,0.0
TeN2,0.0
MnSeO4,0.2751
CoTeMoO6,0.1498
Er2NiRu,0.0
Dy2ZnIn,0.0
CdN,0.0
SnBrF,2.2807
Be2GeP,0.0
HoAgPb,0.0
BeMoW2,0.0
ZnC2(SN)2,3.6516
Ba2YAg3O8,0.0
ZrNi2,0.0
ErMg3,0.0
Yb(SiPt)2,0.0
BaMnAlCuO5,0.0
PrPb3,0.0
Ba3PrRu2O9,0.0
Tb2Si5Rh3,0.0
Ba4MnCr,0.0
Ta2CrOs,0.0
Na2CuSbS3,1.376
Lu2RuPt,0.0
UZn3,0.0
Mg2ZnGa,0.0
NaYF4,7.3025
SrSnHg2,0.0
CuH6(NCl)2,0.0
BaCo2Br,0.0
YPb3,0.0
Tb5NiPb3,0.0
HgSe,0.0
BaAg2GeS4,0.5745
HoInRh,0.0
Li3CrSiO5,1.7879
NbTc2Ge,0.0
CsSnI3,0.9162
Ba(AgSn)2,0.0
Fe5(OF2)4,0.0
Lu2AlRu,0.0
Li4Fe5(CoO2)3,0.0
HoPt3,0.0
KPdF3,0.0
Ba4MgBi,0.0
Re3N,0.0
KAlH6(OF3)2,7.2622
Ba2IrO4,0.0
Be(SnBr)2,0.0
LiFePt2,0.0
Co(HO)2,0.0
Na2BeW,0.0
TbSnPt,0.0
BeGa4Sn,0.0
NdInPd,0.0
BaHo2NiO5,0.0
Zr3(Cu2Si)2,0.0
TaAlOs2,0.0
ErThTc2,0.0
LiMg2Hg,0.0
Er2PdAu,0.0
Ho3Mn3Ga2Si,0.0
Y2Mn2O7,1.1131
Zr2Be7,0.0
Hf5Te4,0.0
Ti3Ga,0.0
In5CuS8,0.0
LiTiS2,0.0
LiAl(SiO3)2,5.7801
GaSe,0.0
BeCo2Os,0.0
Sc(BeIr)2,0.0
Li2NiO2,0.0
Lu6UO2,1.956
SnPO4F,2.8462
ZrZnNi4,0.0
NbSeI,0.0
HgPPd5,0.0
Li4Mn3,1.9409
SrSnPt,0.0
CaCdAu,0.0
Ho2NiB4,0.3396
BeCuSi,0.0
Li2CrO3,0.0
Nd2InRh2,0.0
Y4(FeB2)3,0.0
ZnPt,0.0
ScBeBr2,0.0
CaMn2S5,0.0
Cr2CoO4,0.0
NdMnSi,0.0
K3NbSe4,1.8126
PaHgAu2,0.0
Sc3Cd,0.0
Ti2NiIr,0.0
Li2GeAu,0.0
C3NClO4,6.0966
Yb2CdSb2,0.0
Be2NbCu,0.0
Ba4MnPt,0.0
Li4Mn3Nb(P2O3)2,0.1692
LiV2F6,0.0
CeH2,0.0
PrGe3,0.0
CePrO2,0.0
PrCoC2,0.0
Th3Au,0.0
LiSmO2,3.7446
MgAlF5,4.8091
SbPO4,3.9544
Lu2GaAg,0.0
CrFeTe,0.0
SmAlGe,0.0
Ba4InRh,0.0
BeGa4Pd,0.0
ZrCo2,0.0
CsTaN2,2.2557
BCl3,4.5313
Sn2BSe,0.0
KBeZn2,0.0
Y3Ni3B2,0.0
HgIBr,1.8893
NdBr3,2.6541
Li3CeSb2,0.0
Y2MgCu2,0.0
NbAlCo2,0.0
NdPt3,0.0
NdTaO4,3.6205
CO2,4.315
NaAuF4,2.024
PrTi2O6,0.0
LiTiFeO4,0.0
HoMnGa,0.0
UCdO4,2.0812
ScCoC2,0.0
Si3N4,3.7816
HN,2.6158
Be2CdTc,0.0
BaCa(NiO2)4,0.0
Ti4MnBi2,0.0
Nd(PRu)2,0.0
Li2AgSn,0.0
BePPd2,0.0
SrCuBi,0.0
CrAs,0.0
K2MgH4,3.9641
PuO2,0.0
Mg4BeNb,0.0
LiNd2Ru,0.0
Ba4FePt,0.0
Sr2BeRu,0.0
ZrPbO3,2.8086
Rb3YO3,2.2484
Ba2YTi3O7,0.0
BeNiBr,0.0
Dy2AgRu,0.0
BaSrSn,0.3891
BaZn(SbO2)4,0.0
FeAgTe2,0.0
RuAu3,0.0
Ba3P4,0.4432
Y5Mg24,0.0
LiPrGe,0.0
Al2Bi2O7,0.0
Th(SiAu)2,0.0
Sr3TaAs3O,1.3236
Sc5Pb3,0.0
LiAlNi2,0.0
TiAl2,0.0
KC,0.5870000000000001
LiBeV2,0.0
SrTePd,0.0
HoAgHg2,0.0
RbGa3S5,2.5097
CrPd3,0.0
Tb3Al2,0.0
LiMnF5,0.0
LiBe2Ge,0.0
TbMgAu2,0.0
LiBe2Cr,0.0
ErRh5,0.0
BaBiCl,0.0
Te(HO)6,1.9338
BaYMg,0.0
TiAu4,0.0
KTl,0.0
LiTmO2,4.7365
TiBi2O5,1.6059
Cr2SbTe,0.0
Sc2NiPd,0.0
U2PdS4,0.0
Cd(BH4)2,3.6242
YAu,0.0
BeMo4Se,0.0
Sm2TeO6,2.734
TeI2,0.6331
SnIr,0.0
KBeIn2,0.0
MnCo3O8,0.0
Ba4PPd,0.0
Be2NbCr,0.0
ScSi3Ni,0.0
Be2IrW,0.0
BePd,0.0
ThSb,0.0
Hf(CoSi)2,0.0
SmSi3Ni,0.0
SrBeHg,0.0
Ba4FeBr,0.0
Lu2TlAg,0.0
K3TaF8,3.5471
CaTl2Cd,0.0
Zn(SbO2)4,0.0
LiTiAu2,0.0
AcInAu2,0.0
TiS,0.0
SrMg,0.0
Sm6Si4S7,2.4136
K2BeTe,0.0
Na6PbO5,1.1568
Ti2TcOs,0.0
CaBeGe2,0.0
BaCaSi,0.1641
HfMnTl,0.0
Ba4TiBe,0.0
Ho2C,0.0
NdPb6F5,4.5801
Sm(CrSi)2,0.0
LiCo2(PO4)2,0.0
Ca2FeWO6,0.0
NdTeCl,0.5009
NdTm3,0.0
Be2FeRu,0.0
AgBiO3,0.0
Nd(Fe2P)2,0.0
BePd4Se,0.0
CaSc2Be,0.0
SrFeAsF,0.0
VTe2,0.0
CdSO4,3.1866
VPt2,0.0
UGeS,0.0
Li2CdSb,0.0
HfCoAs,0.0
Li2NdAl,0.0
EuPd2,0.0
Ba4CoTe,0.0
Ti8C5,0.0
RbClO4,5.5032
KRb2RhF6,2.1732
ErMnO3,0.0
CeIn3,0.0
LiSbAu,0.0
Ho(CrSi)2,0.0
Al2CdCl8,3.764
Mg(AlSe2)2,1.2228
HgCl2,2.6588
RbCdCl3,3.5804
Li2BeSiO4,6.3973
BaMgSn,0.0
Ba2CoMoO6,0.0
KBeTc2,0.0
Li3YbPCO7,5.4178
AlFeCo2,0.0
Y(AlSi)2,0.0
Pr2TeO2,1.7913
BaOsO3,0.0
ThPt3,0.0
Ta2TiN3,0.0
TaCoSb,0.0
BeVIn,0.0
NaCN,5.2537
RbPO3,4.7966
SmPPt,0.0
Li2CoNi3O8,0.0
XeF4,2.6327
SiC2,0.0
ZrBe2,0.0
Li3SbS3,2.1351
BaMgBi,0.0
InPt3,0.0
Tb2YbS4,2.1619
LuBiO3,2.4981
GaPO4,4.8137
Li2H2Pd,0.0
MgMn2Be,0.0
Yb3TlC,0.0
BeTeW,0.0
Dy(MnSi)2,0.0
Ca2Cr3O8,0.0435
Tb5Se2Cl3,3.6359
SmNbO4,3.5001
Mn2GaAs,0.0
GaTeCl,2.0052
BeGa2Cl,0.0
MgBeRh2,0.0
PrIn5Rh,0.0
NbSe3,0.0
KMgBi,0.5555
CaFe(SiO3)2,0.1699
Cr3Se,0.0
LiGeIr2,0.0
Na2TiS2O,2.4427
Ba2SnTe,0.0
ZrBeBi4,0.0
BiAsO4,3.4659
Dy2TeO2,1.2771
NdB2Rh2C,0.0
CuHgSeCl,0.4794
RbUCuS3,0.0
Hf2CoP,0.0
CaBeNb2,0.0
SmRe3,0.0
Hg3(SCl)2,1.9072
YGa2,0.0
Be2TcRh,0.0
SrGe3Pd,0.0
Li3Nb,0.0
MnB2,0.0
V3(OF)4,0.0
BaIrRu,0.0
SrBe2Hg,0.0
TiBe2,0.0
MnSnRh2,0.0
CuO2F,0.0
NaSmTl2,0.0
NaBeP2,0.0
Be(TcTe)2,0.0
SrLi3MnN3,0.1961
BeSb2Pd,0.0
Te2SO7,3.1394
Sc2NiRu,0.0
SmSnRh2,0.0
K2NaTlO3,1.3425
NaMoF6,0.0
Na2Pd(SeO4)2,1.6641
TlHg(NO2)3,0.0
MnAl,0.0
HfU3Sb5,0.0
Ca2Fe3O8,0.0
HoLuMg2,0.0
Al2CuTc,0.0
HfMg,0.0
ZrP,0.0
BaNd2PtO5,2.4887
K2PAuS4,1.3714
CuTe2Cl,0.4786
DyNi4Au,0.0
Yb2Ge2O7,0.0
SrBeNb4,0.0
Ti2Co3(TeO2)3,0.0
LiMn2O4,0.0
BeCrTe2,0.0
Sr(P3Pt2)2,0.4451
Rb2PdN2(ClO2)2,1.5341
KSnAs,0.3959
BiClO,2.8705
SnF4,3.3678
Zr2Al3C4,0.0
Ca2Mn3O8,0.8751
Os(SeCl)2,0.0
LuNiGe,0.0
Ba4VCo,0.0
Li4Ti3O8,1.7778
KBe2Ga,0.0
RbZn4As3,0.0
LiNbFeO4,0.5323
NbTe,0.0
BeGe4Sb,0.0
ErPu3,0.0
Dy2InHg,0.0
TaBe2Pt,0.0
KMoRu2,0.0
Sr(CuSi)2,0.0
Li3TiV3O8,0.0
Sm4Br6O,0.0
Hf(B2H3)2,5.4157
ZrBeGa,0.0
Sc3TlB,0.0
BeCd2Si,0.0
NpPa3,0.0
Li5Ti6FeO6,1.1163
BaTa2Se,0.0
Nb2PC,0.0
Na3AuO2,1.8539
CrCuO2,0.0
ScIr3C,0.0
HoGeRh,0.0
Ba4MgCr,0.0
LiNO3,3.0488
AsP2Cl,0.0
BaCuSb,0.0
ScPS4,1.7374
IO2F,2.7654
BaGa2,0.0
Mg2Sb3O8,0.0
MgTc2As,0.0
Ba2GaSi,0.0
ScRu3C,0.0
BeNiGe2,0.0
RbTiCl3,0.0
Hf2S,0.0
ErBi,0.0
Cr2AgTe4,0.0
Li4FeO4,0.5699
HoSb2,0.0
ErS,0.0
Fe3Re,0.0
YBePt4,0.0
VBrO,0.0
BaLiF3,6.735
BaErCuS3,1.2611
LiZnO6,0.0
TiPd3,0.0
Hg3(SF)2,1.9092
NaS2,1.9837
Na2PRuCO7,0.0
Ba4ReSi,0.0
SrCrF6,0.0
Tm2Ge2O7,3.8191
MnV2O4,0.0
LuPd3,0.0
MgBr2,4.4785
BBr3,3.6885
Ni3S2,0.0
Hf2InMo,0.0
PrP5,0.0
Ca3Bi2,0.0
Ba2SrTc,0.0
BN,3.8412
TiBeW,0.0
IrOsW,0.0
Hf5Ga3,0.0
Li4MnW3O2,0.4473
Li7Mn(OF)3,1.7129
ZnCu2GeS4,0.3251
H(WO3)2,0.0
Li2CuS2,0.0
TmNi2B2C,0.0
BaMoPt2,0.0
Ba3Y2Cu2Pt,0.3948
Ca3PN,0.8206
BeCo2Rh,0.0
Sr2HN,1.8637
HfNi2,0.0
LiBiS2,0.9777
BaTlPb2,0.0
SrH3,0.0
BeTc2Ge,0.0
Cr2CuS4,0.0
Tc3Ir,0.0
Ba4CoMo,0.0
YbU3,0.0
TiBr2,0.0
InSe,0.1739
ScFeGe,0.0
Na2ZrO3,4.618
Si3NiP4,0.4049
YAsRh,0.0
NbO2F,1.6408
BaCdO2,1.1145
Dy(GePt)2,0.0
ZrPtPb,0.0
YbRh3C,0.0
CaSiNi2,0.0
NiF2,0.0
Ca2AgSbO6,0.6906
ErNi2B2C,0.0
K2Pb(SO4)2,4.7006
Na2LuPCO7,4.7356
BeReBi4,0.0
Ga2PbO4,3.6246
ErAu,0.0
Th2Hg,0.0
NiC,0.0
MnGaPt2,0.0
GaIr,0.0
BeZnP,0.0
LiBeIn,0.0
Ba4SiSb,0.0
BeFeSb2,0.0
Ba4GeIr,0.0
Sm2TlCd,0.0
Sc2S3,0.9802
BeZn2Ru,0.0
TiB2,0.0
Mg2H2O3,4.0685
Cr3(OF)2,0.0
Mg2V3O8,0.0
NdSnRh,0.0
Ca2Cr2O5,0.0
PuBe3,0.0
LiBe2Re,0.0
Rb3Mo,0.0
Li5B4,0.0
LaVO3,0.0
ZnCu2Ni,0.0
Tb2Co2I,0.0
BaThO3,3.3381
Sr2MoO4,0.0
Ta2PdSe6,0.0
RbRuF6,1.1564
Al2BiSe4,2.3251
Lu2NiOs,0.0
Rb2Mo3,3.3492
Te2Ir,0.0
HfBrN,2.204
Cu3P,0.0
Ca(VN)2,0.0
LiH3O2,5.0508
MnAlOs2,0.0
Ba2ZnBi,0.0
Pr2ZnHg,0.0
Li4Mn3OF,0.4827
Ba4TlBi,0.0
Sr2SnS4,2.4442
BiSe,0.0
TiP3,0.0
Au7I,0.5683
TmRh,0.0
CeBr3,0.0
NaBeBi,0.0
ThAu2,0.0
Ho2TeO2,0.7149
FeAgS2,0.0
BiH3,0.0
CaPr(FeO3)2,0.0
TiSnPt,0.8316
TaP,0.0
TlCd(NO2)3,2.0493
HfMn2Be,0.0
ZrRe2,0.0
U2InPd2,0.0
Sc2AlIr,0.0
GaAu,0.0
Li2FeBO4,0.1518
LiCuAg2,0.9043
Zn3As2,0.0
Ba2ClF3,5.8763
Sr3(BO3)2,4.847
Sm2Ge2O7,3.8783
BRh,0.0
Hf2VRh,0.0
YbCuS2,0.0
Be2HgIr,0.0
KCr4O8,0.0
TiZn2WO6,0.0
NaPPdS4,1.1162
V2CrTe4,0.0
BeZn2Co,0.0
ErNi4B,0.0
PuH3,0.0
RbLuO2,3.8211
CePd,0.0
LaSn3,0.0
SrLiBi,0.647
HfTcAs,0.0
AgCN,3.3327
Cr2GeC,0.0
Mg2Cr3O8,0.0
K2BeGa,0.0
BaTi4O7,0.0
Li2NbFe3O8,0.0
Be2CuPt2,0.0
MnCoO4,0.0
Mn2CuSb,0.0
KCoO2,0.0
Rb3ZnBr5,3.6991
Be2TeMo,0.0
Ti5Se4,0.0
ScSnPd2,0.0
Li2BeFe,0.0
Ti2MnPt,0.0
Sc2BeIr,0.0
RbMgF3,7.3044
NaTl2MoF6,0.0
LuCuPb,0.0
RbUO3,0.5284
Tb(SiAu)2,0.0
Te2MoWSe2,0.3285
NaH2AuC4(S2O)2,2.3322
BeTlGa4,0.0
BeTe2Se,0.0
BaPb2BrF5,3.4358
Li2VBPO7,0.3073
NdCuSn,0.0
LiTlO2,0.4573
NiSnH2(OF)6,1.7707
Li2MnV3O8,0.1968
Ba4InRe,0.0
BaSn,0.0
HfSe2,0.5341
SmAgHg2,0.0
AuCl2,0.7423
BaYPb,0.0
NbSnS2,0.0
Be2CoTc,0.0
Zn2PtO4,0.8803
NaHS,3.386
ZrAgB,0.0
SmSiAg,0.0
PuN,0.0
TaBeRu2,0.0
MnBe2Zn,0.0
BeMo2Br,0.0
Ho3Tm,0.0
SrMg2N2,2.0833
BeOsW,0.0
Zn(InS2)2,1.1528
BaCdSb2,0.0
Na3AlAs2,1.0185
Li2Fe2CoO6,0.0
BiBAs,0.0
LiSc2Ga,0.0
Pt3W,0.0
Na8NO3,0.0
TcNiW,0.0
Ba4CuRh,0.0
NdGeRh,0.0
PrN,0.0
CaRh2,0.0
DyAl7Au3,0.0
Co2OF3,0.0
NaBeBr,0.6663
LiFe3(OF3)2,0.0
CoSnH2(OF)6,0.0
Li3Ga(BO3)2,4.3529
HfBeSe2,0.0
BaNa2Sb,0.0
Mn4ZnCu3O2,0.0
MnBePb2,0.0
LiV4CuO2,0.4793
TaTl3S4,2.6544
Hg3Rh,0.0
MnFe3(P2O3)2,0.1758
MnInBr3,1.389
Tb(Al2Fe)4,0.0
TlCoAs2,0.0
Pr(NiGe)2,0.0
TiMn2Cr,0.0
ScMn2,0.0
RbBS2,2.7956
CoB,0.0
AsF3,5.1828
Hg2P3Cl,1.2213
DyBiPt,0.0
BaGaSb,0.5159
InAgS2,0.0
Be2VOs,0.0
ScGaO3,4.331
Na2H6Pt,3.545
BeTl2V,0.0
Dy(Al2Cu)4,0.0
MnAsPt2,0.0
Hf(VGa2)2,0.0
Cu2SO5,0.0
Ba2CoSe2(ClO3)2,0.3753
BaYCuNiO5,0.0
Hf2BeCl,0.0
Rb2MgF4,6.8035
Ba4SiTc,0.0
MgAsAu,0.0
NaCa2Be,0.0
HfMgIr2,0.0
BaHfBr,0.0
Sb2Pb2O7,0.0
Ag2Hg7(P4I3)2,0.6542
Li5MnOF5,0.0
PrNi2B2C,0.0
TiZnRh2,0.0
LuC2,0.0
DyMnSi,0.0
InAuO2,0.0
Ba2ZnIn,0.0
HoInCu,0.0
VCl3,0.0
BeSn2P,0.0
BeZn2Cu,0.0
YNi4B,0.0
DyHg2,0.0
Hg3(BO3)2,2.6048
AlBiSeCl4,2.6248
BaSr2Sc,0.0
Mo2C,0.0
Zn2FeAs,0.0
HgINO3,2.0865
USe3,0.0
CaMg2,0.0
MnBeGa,0.0
Rb8N3O,0.0
Nb3(Fe10B3)2,0.0
Ho2IrRh,0.0
KClO3,5.0435
YGaI,0.0
MnGeO3,0.7706
MnO2,0.4369
NaB(H4N)2,5.3877
CoMoP,0.0
ThSi2,0.0
Li3VCrP2(O4F)2,0.0687
NdCrS2O,0.3926
LiVRh2,0.0
Ba4ScCu,0.0
BeCo4Cu,0.0
Li3LaBi2,0.0
VOsCl,0.0
KZn4Sb3O2,1.8103
CrFe2Sn,0.0
Al3BN4,3.5983
MgNiF5,0.2022
TiNbTc2,0.0
Zn3Ge3(SbO)2,1.3381
Li4Cr3FeO8,0.0
TbNi4Au,0.0
LiMg2Ag,0.0
La2CuIr,0.0
ScCoTe,0.9024
MnAlCu2,0.0
Sr5(SnAs3)2,0.0
TbMgCd2,0.0
In2Bi,0.0
BeSnCl,0.0
LiP5,0.6066
FeIr3,0.0
LiAl2Pt,0.0
HfN,0.0
YbSnRh2,0.0
UGa,0.0
CuHOF,0.0
BeCdTe2,0.0
SrSnO3,1.2637
AlGa3N4,2.42
Sm5Mg,0.0
HfTaNO3,1.9508
ThH3,0.0
BaPIr2,0.0
Li4Cr3GaO8,1.2305
Ta2MoO8,0.8422
Ba2Bi2O5,1.9931
Er2AgIr,0.0
K2NaInAs2,0.7153
Li8Co5,0.0
DyS2,0.0
Si2O5,3.2278
NaSi2Pd3,0.0
MgAlAg2,0.0
NaSmAu2,0.0
PaGe3,0.0
Zr3In,0.0
PtN2,1.1022
AlB2Pb,0.0
Ba4MnZn,0.0
MoRh,0.0
CeCoC2,0.0
KLi6TaO6,4.4359
Rb2CoO3,0.0
MnAu,0.0
HoInPd2,0.0
Pr2NiIr,0.0
U2Cr3Si,0.0
BePtBr2,0.0
Ho2V2O7,0.2972
Sr2Bi,0.0
Ba4NbPt,0.0
Sm2TlAg,0.0
Ba2UFeO6,0.0
ScTlO2,1.1183
Ni3S,0.0
CaAu5,0.0
Li2CuSnO4,0.4402
Bi2CO5,1.231
ZrBe2Ru,0.0
Sr(YS2)2,2.224
SnBrCl,1.3544
PrSb,0.0
AsPPd2,0.0
Mg(MnS2)2,0.0
K6MnSe4,1.2256
Np(SiRh)2,0.0
NbOF3,3.733
K2As2Pd,0.6774
Na2SrFe,0.0
PaO3,0.0
K2NaInP2,1.1144
Pr3GaC,0.0
Sr2UMn,0.0
BeNiPt,0.0
AgCNO,1.3709
MgPaRu2,0.0
TlFeSe2,0.0
In(FeO2)2,0.0
PrB2Ir3,0.0
U(MnAl2)4,0.0
MgBeSn,0.0
KCdF3,3.1755
Mn2BeBi,0.0
YAs,0.0
LiAsF6,5.2034
NbCo2,0.0
Yb2PdPt,0.0
BaYb2NiO5,0.0
Sr2Mg(BO3)2,4.9746
Sc2AlHg,0.0
BaMnPb,0.0
CrSi2,0.0
UN,0.0
ErAl3,0.0
KRb2NiF6,0.0
YBeCo2,0.0
HRh,0.0
Ba2CdCl,0.0
Tb(NiB3)2,0.0
RbAgO,1.5812
ErAs,0.0
YbGa7Au3,0.0
LiV(PO4)2,0.7318
Be2SiCl,0.0
Li4BePb,0.0
Zn2PHO5,3.5278
USi,0.0
Li4Ti3V3O2,0.0
YBe2Pd,0.0
TbAgTe2,0.8687
Al(IO3)3,3.3087
BeNbCr2,0.0
Rb2H6Pt,3.8891
K2ZrF6,5.7094
Y2BeBr,0.0
CoHgC4(SeN)4,0.835
Nd3SbO7,2.8733
TaAsP2,0.0
Li2Mn2O9,0.411
Ga2HgS4,1.5332
Ca(CuO2)2,0.0
K2NaInF6,5.569
AlClO,5.9419
TbCuPb,0.0
TiBe2Pt,0.5674
Nd3Al,0.0
Ba(ZnAs)2,0.0
BaAl2,0.0
MgScRh2,0.0
Ce3Zr5O6,2.0580000000000003
SrHfO3,4.1711
Ho3Hg,0.0
Na2H6PtO6,2.5773
NaAlO7,4.6601
Ba4Bi3,0.0
BaPbO3,0.0
V2CdO6,2.0725
BeCrBi2,0.0
MnS2,0.0
Ba4PdO6,1.2739
Be2InHg,0.0
Ba(AlTe2)2,1.6088
Li3Pd,0.0
AsCF3,3.2576
Ca(BeN)2,2.6097
Nd2Ni6Sn,0.0
HoAlAu2,0.0
SrScBe2,0.0
MgCuF4,0.9652
Li2Fe3F8,0.0
MgSbPd2,0.0
Li2FeSn(PO4)2,0.3275
U2Al3C4,0.0
SrBeRe,0.0
Ti(VTe2)2,0.0
SrBeOs,0.0
YbTlPd,0.0
In3Rh,0.0
BeGa2Bi,0.0
Ca2AlNiO5,0.0
ZrBe2As,0.0
NaBeIn4,0.0
Yb2C3,0.0
TlCoCl3,0.0
Yb2In,0.0
CeRu2,0.0
Ba2ScSn,0.0
Ti2Co,0.0
Y3CuSiS7,1.7884
CeSm3,0.0
Ni4Mo,0.0
LiEr2Ir,0.0
CuAg3,0.0
Cd(InTe2)2,0.7149
Mn3Cu3O8,0.0
Sc2HgPt,0.0
BeGa4Sb,0.0
BeZnCd2,0.0
YBe2V,0.0
NdSn2,0.0
Hf4Al3,0.0
BNCl2,2.6805
LiMg2Al,0.0
Lu2MgAl,0.0
BeTlMo,0.0
BaTeBr,0.0
Li4Ca3(SiN3)2,2.4545
Li2MoF6,0.0
SnHC2O3,2.2632
Pr3TaO7,3.4118
Li2GePd,0.0
GaN,1.1634
TbLuHg2,0.0
Na2SnF6,5.0817
BeIn4Re,0.0
CaNi2O5,0.0
Zn7Sb8Ru9,0.0
Be2OsPt,0.0
ScBeGe,0.0
NaFe(SeO4)2,0.4785
Ba4CuIr,0.0
CaGaSiH,0.4147
RbZrMnF7,2.56
TiInCu2,0.0
Sb2Pt2O7,0.6389
Sn(Mo3S4)2,0.0
Ca2AgGe,0.0
Na3CoSiCO7,0.0
Cu2HgI4,0.3696
NdRhC2,0.0
Hf2CuIr,0.0
Zn3Co2O7,0.0
SNCl,2.0798
TbCd,0.0
CaBeTl2,0.0
Ba4CaFe,0.0
TmAlAu2,0.0
Lu2CuPt,0.0
Hg2As3Br,1.0395
PmCdHg2,0.0
CeB6,0.0
NaCaBe2,0.0
VNi3,0.0
CePt,0.0
CsCaH3,3.5471
YbH3,0.0
LiMn2F6,0.1848
Li4Cr5SbO2,0.0
Sc5CCl8,0.0
BeSbP4,0.0
LiGa2Pt,0.0
RbSr3,0.0
BeV2Sn,0.0
Sr(BS2)2,2.8710000000000004
TiMn2Al,0.0
Mn3Zn2O8,0.6734
KLi2Mn2O4,0.2824
Cu2As4S3Cl2,1.443
Pu2C3,0.0
Mn2VGe,0.0
CdSbS2Br,1.6293
Ba4CdIr,0.0
RbSrCl3,4.7881
Ca2TaBiO6,1.8545
Al3Cu2,0.0
Be2SnTe,0.0
NdPd2,0.0
Na6CdCl8,4.0561
V4O9,0.0
Be2FePt,0.0
ZrO,0.0
Ba3SiO5,3.4554
FeP2O7,0.0
LiTaBe2,0.0
ScBPt3,0.0
Li3Ni4O4F3,0.0
Na2NbF6,0.1311
CuSeO4,0.0
MnBe2Zn,0.0
Sr2YReO6,0.0
SmH2ClO2,4.6946
BeV2Cu,0.0
U2SnRh2,0.0
BaU(SiO4)2,2.4675
SbClO,2.0644
VCo2Ge,0.0
TiBe2Re,0.0
SrCuF4,0.9696
YMnSi,0.0
TmMg2Sc,0.0
CdSe2O5,3.1909
Co2CuS4,0.0
U2CrN3,0.0
LiZrO2,0.0
CdHg2,0.0
Zn3In,0.0
Hf2TcIr,0.0
FeSi5,0.0
CaBePt,0.0
TlCrSe2,0.0
Ba2UNiO6,1.0376
Pr2MgGe2,0.0
Nb3Al,0.0
BaSrO2,2.2686
Li2Mg3Si4,0.0
NaCdHg2,0.0
TcRu3,0.0
Lu2AlZn,0.0
Rb2PdF6,2.1761
RbMnAs,0.0
BeGaGe,0.0
TbZnSn,0.0
Li3Ni2(C2O)2,0.1127
S3(NO)2,1.4981
ScBeV2,0.0
Be2ReBr,0.0
Fe(CO3)2,0.0
Sr2Li2NiO4,0.1034
BeSe2Cl,0.0
KBaTi,0.0
CdPS3,1.761
TiRe,0.0
ScPaTc2,0.0
U4Ga2Pd,0.0
LiNd2Al,0.0
BaBiAu,0.0
Li3Cd,0.0
NaTmTl2,0.0
AlAu2,0.0
V2P,0.0
NbCo2Sn,0.0
PtPb2,0.0
Ca3WO6,3.3283
VCl2O,0.0
Sr3V2O8,3.5
ErB6,0.0
Sr2MnSO3,0.0
BeCr2Si,0.0
CuRhO2,0.9062
ScH2,0.0
Li2UO4,2.2341
Na4Al3Ge3ClO2,4.1708
NpAu3,0.0
VCl4,0.0
Nd(CuGe)2,0.0
ZrCl2,0.8656
Cr3S4,0.0
Ca3(PO4)2,4.9814
RbHfAgTe3,0.295
HfTiBe2,0.0
BeReMo,0.0
Be2HgSe,0.0
Li4Si2NiO7,0.102
KRuO4,0.0
CaSnF4,4.007
BeCrGe,0.0
Cr3Fe,0.0
Mg3Mo,0.0
Lu3Th,0.0
Yb(Fe2P)2,0.0
NdSF,1.3111
ThBiTe,0.0
LiFeCuS2,0.0
Co3(OF2)2,0.0
BeHg2Ru,0.0
Li2MgIn,0.0
LiLu2Ru,0.0
MnAsO4,0.5546
AlCuO2,2.0641
GaAg(PSe3)2,0.3623
Tl2Ru2O7,0.0
TlPd2Au,0.0
Ba3SnO,0.0
Li5Fe3Ni2,0.0
TiGaPd2,0.0
Nb4Tl4O3,0.0
Zn3Ru,0.0
LiTaOs2,0.0
TiFeH2,0.0
BeMo2Pt,0.0
Li3NdAs2,0.1374
TaNiTe5,0.0
CeCrS2O,0.0
Fe(NiO2)2,0.0
ZrScCd2,0.0
ZrH2,0.0
ZrBeRh,0.0
Rb2CuCl3,2.2516
LuTiGe,0.0
Be2ReOs,0.0
LaRh,0.0
BeCl2,6.4796
Lu2TlCd,0.0
Ba4ScZn,0.0
AlO3,0.0
Yb4Ge6Ir7,0.0
SmPbAu,0.0
Li2SnBi,0.0
BaTm2NiO5,0.0
BeZnPt2,0.0
LiHfIr2,0.0
Ba2Cu3P4,0.0
Ba4CdCu,0.0
Ca6HfO8,4.1646
Sm2Sn2O7,2.8858
NaAlSe2,2.4391
Pb3SeO5,2.6356
BaSrCd,0.0
TiGeAs,0.0
PaNi2Ge,0.0
BaScCl,0.0
SnPSe3,1.2704
TaBe2Ni,0.0
ScPd3C,0.0
SmTlSe2,1.2256
Te2MoW3(SeS2)2,0.2489
BaSrSn,0.0
BeVRe,0.0
LaBRh3,0.0
Rb2IN3,4.2766
Ga3Ge,0.0
LiBi(PdO2)2,0.8569
Be2SnCl,0.0
NaBeIn,0.0
Al2CO,2.9687
DyNi2B2C,0.0
Sn2IF3,2.5359
In3Co,0.0
TiZnPt2,0.0
Be2TlHg,0.0
GaAg2,0.0
Ti3Ni,0.0
IrF4,0.0
LiNbCuO4,0.1538
BePdBr,0.0
Ti2Bi2O7,2.6757
YZrBe2,0.0
BeCoMo2,0.0
K4Sb2O3,1.3877
Be2TlSe,0.0
NaC4N3,3.6162
Li4HN,2.1974
NdB2H,7.9393
Ba4MnV,0.0
DyPbAu,0.0
K6Na3AlSb4,0.8544
Zn2Bi3O8,0.0
LiZn(FeO2)4,0.0
Ta3SeI7,0.5503
ErInPt,0.0
Sr2ZnReO6,0.0
YbCl2,5.5663
PuRu,0.0
BaScPb2,0.0
Na3SiSbCO7,3.2354
NbCoSn,0.0
Pr3Nb(Cl3O2)2,2.9269
MnZnO6,0.0
Ba4TiOs,0.0
LiHfHg2,0.0
Ba2LiGa,0.0
YPd,0.0
AsRh,0.0
NaCN,5.6276
Ti3InN,0.0
Dy2ZnHg,0.0
Zr5Te4,0.0
Ba2NbBr,0.0
TiZn(BiO3)2,0.8963
CaBeTl2,0.0
BaZrSe3,0.3034
CaZnGe,0.0
Yb2SbAu,0.1843
Sn5(BRh3)2,0.0
As3H5,3.2047
Yb(PRu)2,0.0
Ba4GeP,0.0
TaTe5Pt,0.0
AsH5COF6,4.9304
LiCaBe2,0.0
BeZnCr2,0.0
TiBeNb2,0.0
CuBiSCl2,0.731
TbAgSe2,0.4698
KBeP2,0.0
Ta6Si7Ni6,0.0
Lu2CCl2,1.1136
RbLiCl2,5.355
MnBe2Sn,0.0
Zn4P6N2O,3.05
Be2NiW,0.0
Pm2S3,2.4698
HoBi,0.0
Mg2SnO4,3.0169
TiFeSe,1.0249
Ba2CdS3,2.1435
SmAg2Hg,0.0
BeNbV,0.0
Nd2MgIn,0.0
LaSiNi,0.0
Ba2CuSn2F4,1.1222
Ti2IrW,0.0
Zr3N2O3,2.8065
CaCu2O3,0.0
BaSrHf,0.0
TiBe2Tl,0.0
Co3BPO7,0.0
Mn4As3,0.0
TeW2Se3,0.9065
ClO,0.0
KNaSmTaO5,3.6447
ThCdAu2,0.0
Sr2FeO4,0.0
Ba4ZnSe,0.0
CaB2As,0.0
Li3CuF6,0.955
ThAl3Ni2,0.0
BaNa2Ca,0.0
CuH2SeO5,0.6125
ZnFeSb,0.0
LaSb,0.0
TmZrSb,0.0
Pm2IrPd,0.0
BeZn2Ge,0.0
Mn(PtO2)3,0.0
Li2VBO4,0.595
NaAsPd,0.0
Ba4TaPd,0.0
K3Zr,0.0
Er(GeRu)2,0.0
Tb3SiBr3,0.0
YAlNi,0.0
KCrP2S7,1.1533
TaReO6,0.9444
Na3BiO4,0.6563
Ba2SiSe4,2.3015
LiYbS2,0.0
Na3CuO2,1.4224
LuAlGe,0.0
LiMoIO6,2.2756
Pr2ZnAg,0.0
ScZn,0.0
Na4Ni3O7,0.0
Ho5Si3,0.0
Be2CoGe,0.0
Hg3(TeBr)2,1.6526
Mn2AlW,0.0
MgCN2,4.0037
Mn(NbS2)2,0.0
BeNb4Ru,0.0
Pa3As4,0.0
Co3C,0.0
Li2BiO3,0.0
SmRhO3,0.7067
BeFeNi2,0.0
LiScF4,6.192
Ba8Bi4H2O,0.5427
HfPd3,0.0
Ba2Sn3O7,0.0
UCuPO,0.0
BaCaIn,0.0
Ba4FeCl,0.0
Ti2AlCu,0.0
AgTe4Au,0.0
Li3Co,0.0
Ba(FeS2)2,0.0
U(SiPd)2,0.0
Cr3GeN,0.0
MnBeGe,0.0
BeCo,0.0
HfSiPd,0.0
BaH5ClO3,5.222
TbSi,0.0
DyPaTc2,0.0
Ca2PdRh,0.0
Mg2AgIr,0.0
MnBe2,0.0
Yb4As6Rh7,0.0
MgTiO3,3.5152
Y4Cu2O7,1.9283
ZrBeSb4,0.0
Fe3RhN,0.0
Pm2ZnOs,0.0
Be2POs,0.0
Nb3CrSe6,0.0
Cd3TeO6,0.6826
MgNi3,0.0
ReF7,1.9105
Nd2MgTl,0.0
Sm2Ta2Cl2O7,3.2128
Si3As4,0.5218
LiAuI4,0.6149
K2BeNb,0.0
KZrF5,5.8202
VH6(OF)3,1.6154
Sr4Li(BN2)3,2.3024
Li2NiO3,1.0638
BeHgRu2,0.0
LiBeGa,0.0
Sm3Ag,0.0
SrBeCl,0.0
LiMg3,0.0
RbMg3,0.0
TiSi,0.0
Sr(YbS2)2,0.0
SnPO4,0.0
Ca(SbO2)2,0.7715
NaLi2Bi,0.5039
CrAsRh,0.0
Rb2HgTe,2.0419
TbHO2,4.8402
YMgIn,0.0
AgAu3,0.0
MnBeCo4,0.0
K3Pd,0.0
BaNaCd,0.0
LiVSiO5,1.4602
Li5SbS,1.2679
Zn(GaS2)2,2.2947
LiInAu2,0.0
TlInAs2O7,3.0856
Re3Sn,0.0
LiInSe2,0.3122
Li2(FeO2)3,0.0
NaY3SiS7,2.2057
Ti2C,0.0
BeZn2Se,0.0
LiHfAs,0.0
VHO2,0.0
BeInTc2,0.0
MnAsPd2,0.0
TiNiO6,0.0
Nd(SiAu)2,0.0
Ba2UCo,0.0
Li6FeO5F,0.8791
CuAsS,0.0
BaMgSc,0.0
Sm2ZnHg,0.0
KAlH4,4.7825
Mn(CO3)2,0.0
Sn2OF5,2.1273
Y2GaCu,0.1051
Ta3(OF)5,2.2388
SrIn4,0.0
Tm(CuGe)2,0.0
KNa2Bi,0.0
Li6V(OF)3,0.3689
Be2ZnBr,0.0
LuIO,3.3389
Ba2YbNbO6,0.0
P4N6O,4.6016
CaReN3,1.9489
KAgBr3,0.0
CaCoSi,0.0
MoAs2,0.0
BeNiPb2,0.0
Hg3AsSe4Br,1.051
Ba2TlTe,0.0
NaBeW2,0.0
Rb2TlInF6,3.6738
Na4Ti5O2,2.5703
KAu(CN)2,2.4363
TmPb3,0.0
Y2Ti2O7,2.7573
TiAgHg2,0.0
USnPd,0.0
CaFeO2,0.0
BiPd,0.0
Y2C3,0.0
NbPSe,0.0
U(SiOs)2,0.0
Np(FeGe)2,0.0
BaSrTi,0.0
SmFe2,0.0
Eu2H3Br,0.0
LiScVO4,0.0
CrGa3P4,0.0
LaMgNi4,0.0
Li5V2Ni3,0.2337
BeHgSb2,0.0
LiTcO3,0.0
Sr2BeSb2,1.3219
UB2,0.0
YbBi2,0.0
SmCuSi,0.0
Sr3As2,0.0
Ba(P2Pd)2,0.0
CuMoO4,0.0
Sm(SiAu)2,0.0
Ti4CoBi2,0.0
Ba4SrW,0.0
Li4H6Ru,2.4096
SrBr2,4.6497
K2ScPCO7,4.3623
TiCuSi,0.0
DyZnIn,0.0
NaCaSiHO4,4.8122
RbLiF2,6.7576
SrBeSn4,0.0
RbNaO,2.5351
In(IO3)3,2.9929
Ba4ZrSb,0.0
Ba3Bi2F2,5.1903
MnBe2Ru,0.0
AgAsRu2,0.0
Lu3Ga,0.0
Tl4CuTe3,0.0
CrFe(BiO3)2,0.0
LiHPd,0.0
LuInPt,0.0
HfCd,0.0
V6H4O3,0.0
H2Se,0.0
FeCl2,0.6127
RbP,0.0
CeMg,0.0
Li4H4Rh,0.0
BaV2Cu,0.0
ReMo2As,0.0
KEuS2,2.3394
HfCuSi2,0.0
CeAl4Co,0.0
LiSmAlF6,0.0
V2ZnO5,0.3457
Ba4FeP,0.0
WO2,0.0
Ba2ScSbO6,0.0
KMnBi,0.0
Na2TiAu,0.0
CoCN2,0.0
Na2Zn3S4,2.2022
CeSiI,0.0
SmZnRh,0.0
SrDy3,0.0
Be2CoCl,0.0
TmSnRh,0.0
K2CuF4,0.0
TlHgF3,2.1314
Li5Si2NiO8,0.5121
YbGaRh2,0.0
LuZn,0.0
HoTaRu2,0.0
Mg3Al4,0.0
Li2TlAg,0.0
AsIrW2,0.0
Mg3(HO3)2,2.219
Mn2SnS4,0.0
BeBiOs,0.0
CdBiSe2I,1.2858
NbO2F,1.8015
W3O8,0.0
CaZnSn,0.0
TmTlTe2,0.7114
CaB2,0.0
Co3Pt,0.0
Li7Ni(O2F)2,0.0
Hf9Mo4As,0.0
RbGaCl4,4.3656
Ir3W,0.0
Er(BC)2,0.0
Li2CaGe,0.0
Pm2IrAu,0.0
YTlS2,1.9742
NaLiO,1.8011
Sc7BCl2,0.0
Sm2Zr2O7,3.3019
Li3Cr,0.0
Nd(AlGe)2,0.0
KN,0.0
Ba2LaV,0.0
NdMg,0.0
Sm(NiBi)2,0.0
HfGaRh2,0.0
MnSbAu,0.0
BaGaCl2,0.0
Ca(SbO3)2,1.48
Zn2CuAu,0.0
Sr(ZnSb)2,0.0
Ca2PbAu,0.0
PrAlCu,0.0
Li4Fe3(OF3)2,0.0
Li2FeCu(CN)6,0.0
Ba2TiNi,0.0
LiTiTe2,0.0
FeCo3O8,0.0
ZrGaNi2,0.0
ZrPbF6,5.2983
YBr3,2.5145
LiH3(SeO3)2,4.2789
Li2Mn(CO3)2,1.791
Na3PaF8,4.6252
Na5SnAs3,0.4676
TcAsAu,0.0
BeSb2Te,0.0
Li2Co2SnO6,1.1258
Li2CrCuO4,0.0
LuH2ClO2,4.853
Mg3Cr,0.0
CuHgSeBr,0.6477
Ba(HO2)2,3.0834
TaTlO3,0.9299
Er(SiIr)2,0.0
NaPmTe2,0.0743
Pr2ZnIr,0.0
CaC2,1.7321
Ba2Sn,0.0
Y(HO)3,3.8969
TbBr3,2.5111
HfNi2Sn,0.0
ZrTi2O,0.0
Lu(TiGa2)2,0.0
YZnAsO,1.2869
K2Al2O3F2,4.3055
AsCl3,3.6916
Tm2SiO5,4.8918
MnCu2SiS4,0.6455
BaMoOs2,0.0
TlPdF3,0.0
SmAl,0.0
Ho3AlN,0.0
Ca(PRh)2,0.0
MgRe2As,0.0
PrCr2Si2C,0.0
Ba3Bi2,0.0
PrPO4,5.7774
BeCrP,0.0
Zn4(B2O)3,3.6107
NbAgO3,1.4262
Y2Au,0.0
Na4HgP2,0.9422
Ca2PbO4,1.5197
ThSbSe,0.0
MgCo2,0.0
K3VO4,3.6621
KPr3,0.0
Dy(CuGe)2,0.0
BaLiPd2,0.0
MnCuAs,0.0
TbInAu2,0.0
Ca(HO)2,3.9599
BaGePt,0.0
K2AsAuS4,0.7261
BaS,2.1484
CaMnGe,0.0
ZnSbAsO5,3.0049
ZrCl3,0.0
UGePt,0.0
Be2InSn,0.0
CaBeFe2,0.0
Na2Mn2O3,0.0
Er2MgIn,0.0
Lu7(NiTe)2,0.0
BeGa2Br,0.0
HfNiGe,0.0
Y(BiO2)3,2.1031
Sm(SiIr)2,0.0
Er2O3,4.4226
Ca(NiO2)2,0.0
Li2RhO3,0.0
Ca3CuRhO6,0.0
NaHfBe,0.0
BaMg3,0.0
NbI3,0.0
BaAlF5,7.9205
LaZr2Be,0.0
MoWS4,0.9397
KBrF4,0.5682
Y(SiPt)2,0.0
BaCuNi2,0.0
BaY2O4,3.3241
Li4MnV2WO2,0.8112
HoMgZn2,0.0
RbBa4Sb3O,0.9736
Ca(MgSb)2,0.9012
Mg2BeFe,0.0
SrAcZn2,0.0
Be2SiSe,0.0
NbCd3,0.0
ErNiSb,0.244
ScBeW,0.0
PrCrSe3,0.0
SiIr,0.0
KNa2As,0.7075
Sc3SnB,0.0
Ce2ZnPb,0.0
Be2CdBi,0.0
Ba2SbTe,0.0
HoAu,0.0
MnNiP,0.0
MnBe2In,0.0
Ag3AuSe2,0.0
Sr8Mn2FeN8,0.0
Ba4CoP,0.0
YbMgCd2,0.0
Ni2PO5,0.0
K2NbAgS4,2.1764
TmSbPd,0.4047
Ba4GeW,0.0
TmTlRh2,0.0
Rb2CuF4,0.0
Dy3GaC,0.0
Sr3Li4(GeN3)2,2.3588
SmVO3,0.0
BeZnSi,0.0
BaNa2Si,0.0
Pr3Tl,0.0
MnRu3,0.0
TmNiGe,0.0
Ce2O3,0.0
Sm2AlZn,0.0
Li3FeSiO5,0.0
Sr5Ta4O5,3.0058
KRb2ScF6,6.8721
Y2ZnGa,0.0
NaInS2,1.8475
ScPt,0.0
DySnAu2,0.0
Li2TeO4,2.3733
MnBe2Te,0.0
LaBeSe2,0.0
BeCu2Rh,0.0
NaEr3,0.0
NaEuS2,2.279
Na8SnO6,2.0197
TiGa2,0.0
CdCl2,3.3424
BeReBr2,0.0
KI(OF)2,3.3639
Li4NbTe3O2,0.0
ThRu,0.0
H8PtN2(ClO)2,1.7401
Ni3Se2,0.0
Y2CdS4,1.1137
TmS2,0.0
Zr3Cd2,0.0
CaSeO3,4.1854
Tl2(SeO3)3,2.219
TlCuIr,0.0
VI2,0.0
Cr3SnN,0.0
Mn3Cr2(CoO2)3,0.0
ScGaCu2,0.0
V2O5,1.389
BeIn2Cl,0.0
Zr6Al2Fe,0.0
Sr(AlSi)2,0.0
LaGeAu,0.0
TmNp3,0.0
BaMgZr2,0.0
Al2Sb2O7,0.1716
Zr2CuPt,0.0
H4BrN,4.4908
Li2Ti3BiO8,0.0
Ba4TaSn,0.0
LiCl,6.6669
Ba2CdTe,0.0
MnP4,0.0
BaSiBi2,0.0
Li3AuO3,2.0171
CaBiAsO6,0.3670000000000001
Mn2BeOs,0.0
SmSiO3,0.0
CeZr7O6,2.4865
NdTe,0.0
Li3TaO4,1.57
DySnRu2,0.0
Yb3Mg,0.0
C3N4,1.089
LiTm2Tc,0.0
Li7CoOF7,0.1264
GeSb4Te7,0.2284
VINCl3,1.0014
Na2Cl,0.0
TiGaRh,0.0
ScAsO3,0.0
Ti5Ga4,0.0
BeGePb,0.0
TaBeTl,0.0
ZrBeTe,0.0
EuCdPb,0.0
V4Zn5,0.0
K2NiP2,0.5826
LiHf4Be,0.0
Be2NbGa,0.0
CrO,0.0
TiSiRu2,0.0
Be2RePt,0.0
Li4V2OF7,0.2774
Mn(GeO3)2,1.0436
MgHg2,0.0
Sm3In,0.0
Li4Mn2Cr3(CoO2)3,0.0
Cd2BiAsO6,1.9695
Sr2MgUO6,2.2451
NaV(SO4)2,0.0
MnH4(OF2)2,1.9665
Na2PtS2,1.2699
LiCoP2O7,0.0255
Dy2Te5O3,3.0448
Mg(P2Rh3)2,0.0
Cr(BH)6,0.8085
YbVO4,0.0
NbNO,1.7139
CaBeRh2,0.0
TbBi5O9,1.8485
Ti2Cu3,0.0
ZrTcCl,0.0
Rh(OF3)2,0.0
WSe2,1.0454
NaAl(SiO3)2,5.6828
ScIn3,0.0
Cd2Sb2O7,0.7424
Li2CrFe(PO4)2,0.0
Sm2PbS4,2.2203
Ba3In2O6,0.9721
U(SbO3)2,1.4218
LiAlRh2,0.0
V3As,0.0
TiGa5Co,0.0
CeVO3,0.0
TeO3,1.2519
LiV(PO3)3,1.1281
Ba4LiTi,0.0
NdAl7Au3,0.0
Zr2N,0.0
HfBeNb2,0.0
Lu2Pt2O7,1.7395
PrPbAu,0.0
InPd2Au,0.0
BaGaPt2,0.0
MgFeF5,0.743
NaTl2RhF6,1.8857
ErAgSe2,1.2547
USb2Au,0.0
CaAlSi,0.0
Y(NiGe)2,0.0
FeRe,0.0
Mg(MnN)2,0.0
Ca(As2Rh3)2,0.0
Mn2ZnO4,0.0
Ba2ScCr,0.0
Ba2TlBi2O7,0.0
ZrBe2Pb,0.0
Rb2As3,0.4687
BaZn5,0.0
NaBe2Pd,0.0
BeRuCl4,0.0
Li2Ni(P2O)2,0.9075
ZrCo2Sn,0.0
Cu2As,0.0
Ca5(SiN3)2,2.451
HoCo5,0.0
BeVFe2,0.0
Y(ReB)4,0.0
YbTl2Cd,0.0
Hg(SbO3)2,0.4855
YbSn3,0.0
ScN,0.0
SiC3,0.0
KRb2TiF6,5.6924
NiSe,0.0
BaNaTi4,0.0
K2NClO3,4.6298
ZnCu2SnSe4,0.0
Tl4SnS3,0.6675
YCrO4,0.0
ThNi2,0.0
MgBeCu2,0.0
Sr3SbAs,0.0
Mn5NiO2,0.5746
YCdAu2,0.0
LiPH2,0.0
Ca4Al6SO2,3.8077
NdPd3S4,0.0
Sr(InAu)3,0.0
Yb2AgPb,0.0
CaBeGe,0.0
YCl,0.0
Yb2Tl,0.0
Ba3(BO3)2,4.5173
Ba4NaPt,0.0
Sm(Al2Cu)4,0.0
BeCoRh2,0.0
RbCO2,3.0141
Tm2TeO6,2.641
MgZrIr2,0.0
ZrRh3,0.0
YBe2Co,0.0
Ti2MnNi,0.0
CuCl,0.7294
BaBe2Br,0.0
Rb3V,0.0
Ag2CO3,0.6132
Na3Re,0.0
Be2TlCr,0.0
Th(CoSi)2,0.0
BeRu2Pb,0.0
ZnBi3,0.0
Dy5NiPb3,0.0
Zr2CuSb3,0.0
Sr3CdO4,0.6168
MgIn,0.0
Sr2TaCrO6,0.8059999999999999
CeCl3,0.0
HoCdHg2,0.0
Sr2SnO4,2.9259
ScBiO3,0.9263
Ta2SnO6,2.3934
MgGeO3,2.7341
Sm3InN,0.0
Zr2NiP,0.0
BeTc2Ru,0.0
TaPd2,0.0
TaMnBe,0.0
BeCr2Re,0.0
Mg3Ru2,0.0
Be2CrOs,0.0
TmPt3,0.0
Ca2CrSbO6,0.2183
LiTiIr2,0.0
LiHf2Ir,0.0
ThSiAu,0.0
Ni2P2O7,0.7371
Eu(MgSb)2,0.0
KCaAl2F9,7.6367
BaRu2W,0.0
Rb3AsSe6,0.9287
Tm2CdSe4,0.6683
Er6MnBi2,0.0
SrFeO3,0.0
NbInNi,0.0
LaBe2Tl,0.0
CeInAu,0.0
Ba2TiBr,0.0
Be2CrRe,0.0
Na4Co2O9,0.0
LaCuO2,2.5832
TiReN3,0.0
TbVO3,0.0
LiBeV,0.0
SmP3,0.0
Pm2HgGe,0.0
LiBiP2O7,4.1313
Be2ZnIn,0.0
NaLi5N2,2.9961
SnAu3,0.0
BeSiPt2,0.0
Ba2CePtO6,1.5989
Er2CuOs,0.0
ZrBeTl,0.0
BeFeMo,0.0
Li5Ti2Cu3,0.1858
YbAgPd2,0.0
Mg3Si8Ir3,0.0
KNdTe2,1.2554
ScInO3,2.4006
Cu2SiTe3,0.1796
UCd2O5,2.0952
Li3MnO3,0.0
BeZn2As,0.0
Zr(TiH2)2,0.0
MnVAs,0.0
Hf4BeTe,0.0
InNi2,0.0
MgGaIr2,0.0
LaCd2,0.0
SmLuIn2,0.0
AsO2,3.5827
Ba4SnPb,0.0
SrVO3,0.0
Ag3P,0.9082
Sc2IrPt,0.0
ZnAsPd2,0.0
AgHg,0.0
BaHf4Ga,0.0
BeCoNi2,0.0
Sr2BeCd,0.0
BaHfSe4,0.0
Be2InCu,0.0
NiI2,0.0
Sc4BeTc,0.0
AlPS4,2.48
HfBeSi2,0.0
Be2RhPb,0.0
Sr2Cu(PO4)2,0.3267
K3Nb3(BO)2,1.9835
Ca3PbO,0.0
VCl2,1.2598
BeCoP,0.0
Be2HgBr,0.0
SmSi2Rh3,0.0
BeZnP,0.0
PrMgHg2,0.0
Hg2P3Br,0.9578
K2GeAs2,0.8228
KBaRu2,0.0
Yb(CoSi)2,0.0
BaSi3SnO9,3.9293
Fe2Si,0.0
HoTeClO3,3.7621
Be2CuCl,0.0
Er2Co3Ge5,0.0
TiIN,0.0
Li5Cr2Co3,0.0
Ti2BeTl,0.0
Ba4BiIr,0.0
TmTl,0.0
LiCoO2,1.0074
TeRhCl,0.7228
Rb4NO,0.0
LiCaPrTeO6,3.5851
CdOsO3,0.0
MnV,0.0
Li2MgAu,0.0
BaGeO3,0.0
Ba4InMo,0.0
BeCrTc2,0.0
Sr3In,0.0
Li5(Cu2P3)2,0.0
KAg2SbS4,0.2435
BaLiTi2,0.0
DyInCu2,0.0
CoH2SeO4,0.0
Ba4LiMo,0.0
BaInBr2,0.0
BaNaHg,0.0
YTiF5,0.0
DyYTl2,0.0
RbTeAu,1.0319
Li2PbAu,0.0
BiTe,0.0
Ce(BO2)3,0.0
CoAgO2,0.3621
DyNiSn,0.0
ScInNi2,0.0
HoMgIn,0.0
Rb2O3,0.0
Lu2MnS4,1.0706
ErAlO3,3.9724
Mo5As4,0.0
K4YBe,0.0
Ti6Si2B,0.0
Sc(FeSi)2,0.0
EuCu,0.0
InTeCl,1.5513
Ba(MgSi)2,0.0
Yb2SnHg,0.0
Ba3CrS5,0.0
MnFe2Si,0.0
K2ZrSi2O7,4.7852
LiCa2Rh,0.0
Li2Mn3FeO8,0.0538
Y6UO2,1.9749
Li6CoOF6,0.0
Be2ZnCu,0.0
AsPdCl,0.0
Sm3Si2Cl5O6,4.6157
BeSi2Cl,0.0
CaBeIn2,0.0
TiMnO3,0.6094
Sc3FeC4,0.0
ErB4Rh,0.0
RbYbBr3,4.8104
LiCo6O7,0.0
Ba3(SiAs2)2,0.7732
BeInBi2,0.0
Ba4MoPt,0.0
Nb(SeCl)2,0.9671
Co2SnO4,0.0
K2Sn(AsS3)2,1.0634
Li(MoO2)2,0.6494
Na2BeBr,0.0
TaAgF6,3.3082
CaBe2Si,0.0
YCdRh2,0.0
TbMgSn,0.0
Ce(GeRh)2,0.0
Er(FeB)2,0.0
BaLiCa2,0.0
Er(CuO2)2,0.0
Li2MnSi3O8,1.2884
YOsO3,0.0
TmSnPd2,0.0
LaBe2Co,0.0
LaH2,0.0
BC,0.0
Be2FePd,0.0
Li4Mn(OF)2,0.206
Ba4LiRu,0.0
Li2Cr2O7,1.1602
SO2,2.6465
NdCrO3,0.0
Ca3SiO5,3.4636
Li2VH2OF5,0.08
Ca2InPd2,0.0
TbTmHg2,0.0
MgAsP,0.0
LiVF6,2.8097
GeSe,0.1673
Zn(FeO2)2,0.0
Sc3BPb,0.0
NbGaCo2,0.0
Ba4SbIr,0.0183
PrLuIn2,0.0
LuP5,0.3338
K3SbSe4,1.2239
Ge3B,0.0
BePtPb,0.0
Tb2InGe2,0.0
LaUO4,0.0
CaZrSi2O7,4.7917
LiNdTl2,0.0
ErAgSn,0.0
Li7VN4,2.2543
TmMgGa,0.0
BaNaGa,0.0
Sr5Si3,0.0
SnCl2,3.2019
Sc3GaC,0.0
Pm2MgSn,0.0
Li3TiNi3O8,0.0
YbBPd3,0.0
YbCu4Au,0.0
NdTl3,0.0
Sm(AlCl4)2,0.0
Ba4TaTc,0.0
BeNb2Sb,0.0
Rb2ZrCl6,3.488
TbC2,0.0
Ba4CrW,0.0
Nd2CdHg,0.0
AsPtSe,0.0
K2BeSi,0.0
DyIn5Rh,0.0
V4P2O3,0.0
K7Ta(SO4)6,3.6316
TiReTc2,0.0
AsPIr2,0.0
Ho2OsPt,0.0
Na3NiO3,0.0
CaH2(ClO3)2,5.0565
CaBeCr2,0.0
BeV2Pt,0.0
BeInP2,0.0
NdFe2,0.0
NbZnRh2,0.0
SrSeO3,3.7401
ZrBeZn,0.0
BeCd4Ga,0.0
Ag(Mo3S4)2,0.0
PaPbAu2,0.0
MgPt,0.0
KBe2W,0.0
BeCrSn2,0.0
ZnAs,0.2855
ScSbRu2,0.0
Sr2BeCu,0.0
Li3FeSiCO7,0.4774
BeZn2P,0.0
Be2TlCl,0.0
Li6Mn5SbO2,0.0
MoPb3Cl2O5,1.9657
Ca(InTe2)2,0.7734
Ba4GaHg,0.0
ZnMoF5,1.0928
LuSeO3F,4.1682
YbF,0.0
OsO4,3.153
V2Bi4O,2.2751
UBN,0.0
Sr6Cu3N5,0.6234
BaMg2Mn,0.0
BaNd2ZnO5,3.0786
TbScO3,4.442
Zr2Al,0.0
Ca4TiBe,0.0
CdAsOs,0.0
H4N2O3,0.1056
BeCdIn,0.0
SrInHg2,0.0
BeGa2Fe,0.0
BeCo2Sb,0.0
Be2CrGa,0.0
K2TeS3,2.1268
USiSe,0.0
Be2CdP,0.0
SmSbPd,0.0
LiMgAs,1.5207
DyAu2,0.0
BeTcPb4,0.0
Yb3Si5,0.0
TePt,0.0
BaSm2FeS5,0.0
Li3Mn2O4,0.0
TbNbO4,3.9439
Ba2YCr3O8,0.0
Sb2Se3,0.8753
HfAsPd,0.0
NaScTl2,0.0
NaDyO2,4.4151
KHS,3.4082
LiCaBe,0.0
Ba4SiCl,0.0
Np2InPt2,0.0
HoSbPd2,0.0
AcAgAu2,0.0
LiYbAlF6,8.1225
Be2InSi,0.0
B3Ru7,0.0
UMn2,0.0
AcMgTl2,0.0
Pr2CuIr,0.0
Lu2ZnTc,0.0
Be2BiIr,0.0
Ho2SeO2,2.318
Ca2Ag2O5,0.0
HfCdCu2,0.0
K2GeSe3,1.5894
CrFe2Sb,0.0
Be2FeIr,0.0
YTlO2,1.5972
Zr2Au,0.0
NaTaBe2,0.0
AcSbAu2,0.0
KInBr3,2.2582
BaAuO2,1.236
NdSbTe,0.0
Li2NbAs,0.0
Li(CN)2,2.228
TiBeTe,0.0
Lu2TcAu,0.0
Ca2Cu(BrO)2,0.0
HoLuRh2,0.0
KBe2Pt,0.0
NdNi,0.0
YMgAg,0.0
NbInSe2,0.0
Pd3N,0.0
NaGaH4,4.7526
ScS,0.0
LiBe2Si,0.0
Li3Ti(PO4)2,0.247
LiAuS,1.5252
Sm5Ga3,0.0
AlH3,3.4883
Nb2CrOs,0.0
Cu3BiSe2IO8,0.0
LiCrP2O7,1.4331
Na3CoO3,0.6523
BaBrF,4.9062
BeCrCu2,0.0
BeCd4Te,0.0
ThC2,0.0
LaNi3Rh2,0.0
AlFe2Mo,0.0
K3H5Pd,2.9166
NdPb8F9,3.7088
Ti2IrRh,0.0
BaCrO3,0.0
Li4P2O7,2.9057
ErVB4,0.0
VSnO4,0.0
Be2NiCl,0.0
LiHf2Os,0.0
B2CN,0.0
LiMnTe2,0.0
LuB2C,0.0
PtCl2,0.0
Ba(GaTe2)2,0.6874
Nd(SiIr)2,0.0
LuCu2,0.0
Li2MnFe3O8,0.0
SrAu5,0.0
FeCoGe,0.0
BeCoBi2,0.0
SrZnSi,0.0
LiCaSb,0.6968
Ce2ZnNi2,0.0
ZrBeSi,0.0
Ti2MoAs,0.0
Fe2P,0.0
Th2Zn,0.0
Ti6O,0.0
Au3S,0.0
MgNiSb,0.0
SrBe2Cr,0.0
SrHCl,3.9806
RbAuN2,1.4772
YbTmHg2,0.0
YB4,0.0
MgBeZn,0.0
GaN,0.3272
SnPd,0.0
LiFe2O2F3,0.0
Li4ZrGe2,0.0
ZrSnPd,0.0922
HgH2(ClO2)2,3.549
In7GeIrO8,0.4685
KH4F5,7.6623
Ni(RhO2)2,0.0
KBa4W,0.0
SmDyTl2,0.0
Ba2Ti3O8,1.1962
K2Co(H2Se)2,0.3283
KBa4Bi3O,0.8357
LiNi2Ge,0.0
K2FeCu(CN)6,0.4378
Mo2As3,0.0
La(BC)2,0.0
LaGaAu2,0.0
DyCuAs2,0.0
PaGaTc2,0.0
Rb3Mg,0.0
Fe2TeO6,0.0
NaTaN2,1.3296
BeIr4Rh,0.0
Ca(Fe2Sb)2,0.0
Zr4Co7Ge6,0.0
BaNdCuBO5,0.0
DyHoIn2,0.0
Ba4ZnTe,0.0
CeCo3,0.0
MoC,0.0
Sc6NiTe2,0.0
Be2GaNi,0.0
Yb2ZnPb,0.0
Te2Mo,1.2284
PmZn2Cd,0.0
VAg2PO6,1.6237
RbLi7(NiO3)2,0.1113
NdS,0.0
Ba2CuPd,0.0
ThBr4,3.1754
Y2GaAu,0.0
Li4Al3Ge3IO2,3.128
Mg2TaBiO6,2.1463
RbCuC2,2.1162
BaAsPd,0.0
DyFe2SiC,0.0
Ba4InGa,0.0
SnH8(NCl3)2,2.0912
Pm2NiIr,0.0
MnSn,0.0
Co(NiSe2)2,0.0
SmTmTl2,0.0
TbNiGe2,0.0
CaZn,0.0
LiFeP2O7,0.7394
Li2NdSb2,0.0
NaAlH2CO5,5.3254
K4UO5,2.2724
ThNiSn,0.0
ZrAg,0.0
SbRhO4,0.0
ThAsSe,0.0
TeMo2SeS2,0.1305
HgN,0.0
Be2InPt2,0.0
CuNi2Sn,0.0
Ca3N2,0.3619
BeV2Co,0.0
YbCdCu4,0.0
ZnO,1.0781
MgPSe3,2.0672
CaSi,0.0
BeSiRh2,0.0
LiCeO3,0.0
CaCoO2,0.0
UBrO2,0.0753
CeAl5Ni2,0.0
TcAsIr2,0.0
TmBRh3,0.0
Ca3SnH2,0.2016
Na3In,0.0
Be2CrNi,0.0
KBaTc,0.0
K4BePb,0.0
Be2Ni2Mo,0.0
Li2FePO5,0.1877
CeAs2Pd3,0.0
Tb3PbC,0.0
Na4Mn2O5,0.0
MgMnGe,0.0
LiUN2,0.0
LiPt,0.0
BeCd4Sn,0.0
PbO2,0.0
TiNbO4,0.0
Ca4BeW,0.0
Ac2ZnSi,0.0
Ti3Al2NiN,0.0
FeNiPt2,0.0
TaNbAs,0.0
K2BaV,0.0
SmCuSe2,0.8393
Ba(SbO2)4,0.0
Li2Fe(CO3)2,0.064
YMn2O4,0.0
Ba4TcIr,0.0
Ba2As,0.0
AsPtCl,0.0
Be2SnHg,0.0
Li3MnV3O8,0.0
MgCoGe,0.0
Mn3Be,0.0
MnO2,0.0
LuCuSi,0.0
Ac3Pr,0.0
ErGe,0.0
Ba4InPb,0.0
Ti2FeIr,0.0
Ba4MgZr,0.0
Ca(AlGe)2,0.0
BeVRu2,0.0
Ca5As3,0.0
Rb3GaO3,2.7438
AsOs2W,0.0
KLi3PbO4,1.5555
Mg(TiS2)4,0.0
Ti(CoO3)2,0.0
GeC,1.9273
KAs4BrO6,3.0507
TeI,0.7317
Li3V2P4(HO3)2,0.0
RbErO2,3.706
LuTiO3,0.0
Y4GaCo4,0.0
TbAgPb,0.0
RbLi(H2N)2,2.7343
Zr2BeGe,0.0
Sm4Sb3,0.0
NaSr2Be,0.0
Pr(SiAg)2,0.0
Li8CoO5F,0.0
UAlRh,0.0
Ba2Sb3O8,0.0
Sc2AlZn,0.0
AlFe2W,0.0
Ba4TaCo,0.0
Cu2H3ClO3,0.0792
Ca2TiIrO6,0.0
NbCo,0.0
Na2GeTeO6,2.7883
Sb2O5,0.5755
HfMn2,0.0
ScBe2Br,0.0
TaSiRh,0.0
Sb7Mo3,0.0
TbHg,0.0
Rb2SeO4,3.8464
TbTmRh2,0.0
TiClO,0.0
SrN6,3.7085
Na2SO3,0.0
YErRu2,0.0
Be2CoSe,0.0
Be2PbCl,0.0
MnPS3,0.1787
MgIn2O4,2.0727
BeNb4Tl,0.0
Co5NiO2,0.0
BeIn4Mo,0.0
NdMn2O5,0.0
Ba4MnCl,0.0
NaDySe2,1.8808
Li2NiBiO4,0.0
NdH3,0.1208
BaBeIr2,0.0
Ho4CdCo,0.0
BaRh2Br,0.0
Hf2Cd,0.0
AlCuS2,1.8966
Rb2NpO4,0.3823
Yb2AgPd,0.0
TiCd,0.0
SrGaSnH,0.41200000000000003
ErSi2Rh3,0.0
Ce(CoP)2,0.0
Li3Mn3SiO8,0.3702
K4Zr5O2,3.1952
Be2CoPt,0.0
Ba4YBi,0.0
RbHoO3,0.0
Ca3UN4,1.4806
Bi2Pb2Se5,0.4932
B2Ru,0.0
LiTm3,0.0
ScBO3,4.2784
Ho2CdIn,0.0
LiV4OF,0.0
NaPF6,7.3428
YbAsPd,0.0
Cr3RhN,0.0
Ca4Sb2O,0.9539
U(CoB)4,0.0
Sr(SiAu)2,0.0
Li3C,0.0
BaGeBi2,0.0
ZrBeBr,0.0
Cu2GeTe3,0.0
Ag7NO6,0.0
U2P2O9,0.2464
SnHgO3,0.0
Rb2MnBr4,0.8307
ErP,0.0
Tb5Ge3B,0.0
Nd2Be2SiO7,5.1572
Ba4YTa,0.0
Li2CoO2F,1.1187
AuCS2Cl3,1.8376
LiSc2Os,0.0
Ba4FeHg,0.0
Cd2P3I,1.0985
NiCl2,0.7809999999999999
Be2SiPd,0.0
ThPb,0.0
HgTe,0.5224
ZnB8(H2N)4,0.0
Ti2CdC,0.0
BH3OF4,8.097000000000001
LiCaTl2,0.0
Ni2B,0.0
CeSiOs,0.0
CsCu3O2,1.5623
AlInCl4,4.096
DyB4Ru,0.0
Li4UO5,2.2105
SmTmHg2,0.0
KCaBr3,4.164
KBeSi2,0.0
BeCr4W,0.0
PdSe2O5,0.9026
PrCuPb,0.0
BaBeSiO4,4.7357
NaInAg2,0.0
Pr(SbO3)2,0.0
CaTm2O4,3.4042
LiCrSiO4,1.7833
BeCuW2,0.0
Zn4O9,2.5906
Sr2CaIrO6,0.0
K3SrPCO7,4.3134
ZrMoAs,0.0
Ba4GaRu,0.0
BeInRh2,0.0
KMn4O8,0.0
VF2,0.0
Ga2BiSe4,1.9938
LiCuO,0.0
Ba4TiBi,0.0
U3H2,2.0141
LiTiO2,0.0
Sr3SnO,0.0
Li2InSb,0.1017
BaYPd2,0.0
TbSnAu,0.0
Be2NiIr,0.0
InCu,0.0
YGa,0.0
Be2SnSe,0.0
Er2Mg3Ru,0.0
FePH6NO5,0.0
K3AsSe3,2.0713
ErGeIr,0.0
SmTaO4,4.0472
Pr3AlC,0.0
Re2AsPd,0.0
RbFe2S3,0.0
YP5,0.3031
Ba4HfNi,0.0
Sc4BeW,0.0
Ba2MnTeO6,0.0
HfCo3B2,0.0
CeH3,0.0
RbLiS,3.0625
NiTePd,0.0
BePdSe2,0.0
SeO2,3.5161
Be2InTe,0.0
YbTlHg2,0.0
PuC,0.0
Na2Nd2Ti3,2.0497
LiV(CO3)2,0.0
Na2BiO3,0.0
TiV4CoO2,0.0
Li2CrSiO4,0.0
Li4Ni3BiO8,0.0
CdAsRh,0.0
Ba2HgTe,0.0
Li3Ni2OF5,0.0
Fe3Ge,0.0
TmAl2Ni,0.0
LiLu2Ga,0.0
NiSnRh2,0.0
ZrGeTe,0.0
NaGaO2,3.0014
Sr3N2,0.0
LuNi4Au,0.0
SrBeW2,0.0
ScVO3,0.0
CrCl3,1.4934
KHo2CuS4,1.0454
Sm3SiAgS7,1.8096
Nd4Sb3,0.0
Ga2Au,0.0
LiTmAu2,0.0
NbGeSb,0.0
VAsRh,0.0
Li2Cr3CoO8,0.0
Ac2ZnGe,0.0
SbS8Cl3,2.5019
Tm2AlZn,0.0
CaInPd,0.0
MgNbRh2,0.0
KLi6IrO6,0.0
Sr(GaS2)2,2.7269
Be3N2,4.6289
ZrHgAu2,0.0
Sc2TlCd,0.0
Tl4SnTe3,0.1491
CuP4Se4I,1.6207
NaMnF4,0.9911
BaPt2,0.0
Pu3In,0.0
Rb3In,0.0
Zn4P6SN2,4.311
AlO,0.0
Ca2AsAu,0.3617
MoW3(SeS3)2,0.7268
Ca2Mo3O8,0.3642
VGaCo2,0.0
Ti2O3,0.0
PaC2,0.0
NaH3CN4O,4.6822
RbFeF4,0.0
BaSrMg2,0.0
YbF2,6.9921
LiMgP,0.0
Li2MnSnO4,0.0
ZrInNi2,0.0
TiBePd4,0.0
NbCrF6,0.0
Ni3(PbS)2,0.0
Ca(NiGe)2,0.0
Fe4O5F3,0.0
BeCoHg2,0.0
TiGa5Ni,0.0
Ca(BC)2,0.0
Sm3Zn,0.0
FeSiRu2,0.0
CrCo2Bi,0.0
Cu2GeSe3,0.0
KBaCu2,0.0
LiHO2,0.0
LiZn2Pt,0.0
ZrSbPd,0.0
Nb2CS2,0.0
PrNiGe3,0.0
SmAl7Au3,0.0
YbNi5,0.0
MnCrF5,0.7644
Dy(CuO2)2,0.0
Sc2H5,0.0
PmAgAu2,0.0
Pr2TlCd,0.0
ReTe,0.0
Ba4LiIr,0.0
Ca2ScBe,0.0
Li4Ca(BO3)2,5.1355
Ca2BeBi,0.0
NaCu2O3,0.0
CaSmCuClO3,0.0
ZrCu5,0.0
Mg4TiBe,0.0
KCeS2,0.0
Ba4PdRh,0.0
Nb5Ge3B,0.0
DyPPt,0.0
Nd2Fe7,0.0
Mg(CrS2)4,0.0
LiHo3,0.0
Na2FeCu(CN)6,0.0
BiSI,1.7666
CrH8C4(S2N3)2,0.8431
Ti2ReOs,0.0
LuNbRu2,0.0
Li3Sb(PO4)2,3.1561
LiCaCrF6,2.3344
Nd2O3,0.9162
Ca4ScBe,0.0
TmCuAs2,0.0
V2ZnO4,0.0
Li(CuP)2,0.0
UPt3,0.0
TmGeRu,0.0
Li2PrAl,0.0
ErAl3Ni2,0.0
Nd2CuRu,0.0
BeNiTe2,0.0
YbSmPt2,0.0
Ba4PdRu,0.0
BeV2Os,0.0
LiPdPb2,0.0
Th3Ge2,0.0
LiSmTl2,0.0
BaMgTe,1.0437
Nb3Os,0.0
LiBe2Ir,0.0
Mg3(Al4Cr)2,0.0
K2NdPCO7,4.8806
PuH2,0.0
Rb3Os,0.0
Zr2Ag,0.0
NaBeO3,0.0
K2BaMg,0.0
Ca2FeN2,0.0
URe2,0.0
ZnGeAs2,0.0
Hg4OF6,0.0
Ba2NbFeO6,0.0
YbAlB4,0.0
BaCa2Ir,0.0
LiSnAu2,0.0
NdMgO3,0.0
NaAg2Sn,0.0
Tb(SiPt)2,0.0
FeF2,0.0
BaSrLi2,0.0
Na(Fe2Sb)2,0.0
Tm2Cr2C3,0.0
Li2Cr2SiO6,1.2667
PuNi5,0.0
Li2NdAs2,0.0
VZnSF5,0.0
Te2I,0.2134
U(BO3)2,2.4439
Hg3As,0.0
UGeTe,0.0
MnBePd2,0.0
BeTe2Br,0.0
K3ClO,1.2883
DyBiPd,0.0
ZnCl2,3.94
LiZn2Ir,0.0
Pt2W,0.0
RbMgH3,2.8584
Nd2CuO4,0.0
AgH4WS4N,1.6886
Mo(SeCl)2,0.0517
Ce3Cu,0.0
YbTmRh2,0.0
NdInAg2,0.0
SrBi3,0.0
CaScBe,0.0
BePdRu2,0.0
MgO2,0.0
K2H4Pt,3.3082
LiCrPO4F,1.0503
NaNbSe2,0.6257
CuWO3F2,0.6036
BeGaPd,0.0
ZnCrF6,0.0
Sr3Fe2O5,0.0
Nb3Co4B7,0.0
PtI2,1.1254
MgCuBi,0.0
Lu2GaTc,0.0
Mn8(OF)3,0.0
Li2B2Se5,1.6528
Sn7Os3,0.0
ErHg,0.0
BaIr2Pd,0.0
Hf6Al6Co7,0.0
SmCu4Ag,0.0
Ba4MnTl,0.0
Sn(GeO3)2,2.089
RbHoO2,3.6781
Co2(GeS)3,0.5356
BaGeBi,0.0
Ba2YNb,0.0
H3OF,6.9427
TaTcPb2,0.0
NiH2SO9,1.6916
LiBe2P,0.0
LiDyTl2,0.0
Co9S8,0.0
K2Li4UO6,2.2405
MgSnAu,0.0
RbClO2,2.5559
Sr2BeRh,0.0
Be2GaW,0.0
Be2RhW,0.0
Ni3Se4,0.0
LiTiMnO4,0.0
LiAcTe2,0.6917
Be2PtW,0.0
TbCo5,0.0
K2InP2S7,1.8424
Na2BeFe,0.0
Hf3Rh5,0.0
LiCa2Mg,0.0
Li6MgBr8,4.9637
Be2RuRh,0.0
Ba4Al5,0.0
TmSnRu2,0.0
AgPtO2,0.2109
DyAu3,0.0
K2RhF6,0.0
TmMgHg2,0.0
Li5FeO3F,0.0
Be2MoPt,0.0
Ba2GaSe,0.0
HoN,0.1923
NaLa3,0.0
Na3ScSi2O7,3.8698
RbFe(SeO4)2,0.996
Tb3GaO6,3.7138
Ga2TeS2,2.0717
SbAsOs,0.0
NaN3,3.9713
InSbS3,1.3387
Mg2TiBe,0.0
TiAsRh,0.0
Ca2PdWO6,0.0
ScBeCo2,0.0
NpNiSn,0.0
V4OF,0.0
MgH6(CO3)2,4.9629
Ag3BO3,0.0
Pm2CuOs,0.0
BaNi2Br,0.0
LuMgPd2,0.0
Al2(FeSi)3,0.2477
TiGaPt,0.0
KRbO,1.7945
Li2Cr5(SiO)4,0.7298
KScO3,0.0
LiAlAs2O7,3.3274
Sc2Si2O7,4.3249
TeMoSe,0.4966
YMgCd2,0.0
Ba4BeCr,0.0
TlI,2.0399
YN,2.2334
Y2Ru2O7,0.0
VGaNi,0.0
MgMoF5,1.403
SiTe2,0.0
TaCu3Te4,1.3085
CoPt,0.0
NaZr2SN2Cl,1.9543
SbTeO3,0.0
KC,3.242
ZrBe2Bi,0.0
NpAs,0.0
BaMgCd,0.0
CrSb,0.0
ThNiSn,0.3228
ZnSO4,4.2489
YbCdAu2,0.0
KAuO2,1.4888
TiTl2W,0.0
BeSiRh,0.0
NaErSe2,1.958
VF4,0.8235
YbHfO3,4.6311
AlCuAu2,0.0
RbMnO3,0.0
NdSi2Ni,0.0
Sr2BeV,0.0
Pb(ClO3)2,4.5747
Be2MoBr,0.0
CePb3,0.0
BeZnHg4,0.0
K4SrBe,0.0
NbSnRh,0.0
Sr3GaO4F,4.1632
LaAs,0.0
Be2TlMo,0.0
AlSnF5,3.9399
CrIrRu,0.0
YbTlS2,0.0
LiTbTl2,0.0
SrSiO3,4.8379
Y2ZnIn,0.0
TlSbS2,1.0958
LiTaRu2,0.0
BaYbSi4N7,0.0
Ti2Ga,0.0
BeGa4Se,0.0
YbScRh2,0.0
U2Mo2C3,0.0
ScAsPt,0.0
Eu2H3Cl,0.0
Ba4SnHg,0.0
Pr(CoSi)2,0.0
Li6PS5Cl,2.1630000000000003
Ca(AsPd)2,0.0
RhSe2,0.0
Zn2AgAu,0.0
TbGaO3,3.88
TmCu4Ag,0.0
Sr2In2O5,1.0992
ThTeAs,0.0
Ti2TcRu,0.0
CeIn5Co,0.0
BaSe4Br,0.0
Li3Ti2Fe3,0.0
PaCdPt2,0.0
Si3Ru2,0.349
Ba2HgPb,0.0
VRh,0.0
Th2SN2,1.7175
NiPbF6,0.915
TlGeF3,3.3054
Er5BiPt2,0.0
Yb5Pb3,0.0
Fe2As5,0.0
Cr2O3,0.5561
Nb2CoO6,0.0
NdGeBO5,4.1201
Sn(HgSe2)2,0.0
Nd(SiAu)2,0.0
LiNbCrO4,0.0
RbBiF3,1.8095
Ca3Au,0.0
MgTiF5,0.1589
ScBeTe2,0.0
U(Fe2P)2,0.0
Ba4HfGa,0.0
Ba2TlV,0.0
DyInAu,0.0
Li2FeP2HO8,0.0
HoFeSi,0.0
NpTe2,0.0
Ti2AlNi,0.0
PrYO2,0.0
BAsO4,4.1454
KRb3,0.0
Sr2Bi3,0.0
GaAgS2,0.9368
U2AsN2,0.0
Be2NbMo,0.0
TbInCu4,0.0
Nd3TlN,0.0
RbU2SbS8,0.0
BaSrW2,0.0
TmInAu2,0.0
HoAl4Ni,0.0
Be2VFe,0.0
BeCr4Sn,0.0
NbHg3F6,0.0
Mn4O7F,0.0
Ca2ZnPb,0.0
LiInPt2,0.0
KSmS2,2.2671
LiVCuO4,0.0
La(FeSi)2,0.0
SrAlO3,0.0
NaGe2N3,2.4791
Zn2SiO4,2.681
LiSc2Hg,0.0
Hf2ReIr,0.0
GeS,1.3199
TaPbBr,0.0
Sr2B4Rh5,0.0
BaGeP2,0.0
SbN,1.0973
BaMo(PO4)2,0.0
Al3Os2,0.0
LuPb3,0.0
VCoTe,0.0
GaFe3,0.0
PaAlAu2,0.0
Pr3MnBi5,0.0
TmBi2ClO4,1.4968
Ag3Sb,0.0
SrCrF4,1.7589
Bi3O4F,2.0758
Cr2AsSe,0.0
Ca3SbN,0.4729
Ba(NiO2)4,0.0
La2GeI2,0.28300000000000003
TmInRh2,0.0
SrBeSb,0.0
RbCS(OF)3,6.2351
Ba4LiCo,0.0
TbInPt,0.0
Ca2FeClO3,0.0
KBa4Mn,0.0
CrH2,0.0
LiMnIr2,0.0
BeGaHg,0.0
MgU,0.0
UIr2,0.0
Ba2CuF6,0.828
TiBe2Rh,0.0
Mg3N2,1.9166
Mo3Pd2N,0.0
HoAs,0.0
YbB4Ru,0.0
ZnSb2(XeF4)6,2.4841
BaCo2Br,0.0
LiMnVO4,0.2068
Hf3N4,1.1605
CaZrN2,0.562
In2Te5,0.7267
Zn2Ni3O8,0.7126
PmHo,0.0
ReSe2,1.0694
TiFeSn,0.0
LuSb,0.0
ZrTaBe2,0.0
V2P7,0.0
U(NiGe)2,0.0
La3AlN,0.0
Be2CoSi,0.0
LaBeOs2,0.0
Dy(SiRh)2,0.0
Sm2ReC2,0.0
YPdPb,0.0
Ba2NdMoO6,0.0
Na4CO4,2.4905
LiTaIr2,0.0
Sr2TlIn,0.0
LiSnIr2,0.0
CaYHg2,0.0
Ce2(Zn2Ge)3,0.0
ZrCdCu2,0.0
InH5(NF)2,3.685
NdInPd2,0.0
RbGaO2,2.755
Ca(NO3)2,3.7291
TbYIr2,0.0
Ca2CoN2,0.0
Hf5Sb9,0.0
Zn2PdO4,0.0
RbTlBr3,0.0
UO3,1.8707
Li5Ge4,0.0
Nb2Co2P7,0.0
Ba4TePd,0.0
BeCo4Ru,0.0
Li4MnO2F3,0.8881
TiFeO4,0.0
HgB2(CN)8,4.4682
LiCaO3,0.0
Mg3Ga,0.0
Nd2Cd2O5,0.0
Rb2O,1.2727
Nd2Fe2P7,0.0
BeMoRu2,0.0
AlBiO3,0.0
CuNi2Sb,0.0
HoZn2,0.0
LiGePd2,0.0
SmSnAu,0.136
BN,0.0
KSnSb,0.3145
Sc2PtRh,0.0
Na3BP2,1.9708
Lu(HO)3,5.0095
Rb2PbO3,1.37
PmSmHg2,0.0
LuBi,0.0
Na2LiN,0.0
Np(MnSi)2,0.0
Tb2SO2,3.095
AsF3,5.1841
Na2SrV4O2,2.8115
TeRuPb,0.0
SrSi,0.0
W(BrO)2,0.0
Sm2MgTl,0.0
LiNd2HO3,2.0537
U6Co2Ge4C,0.0
LuCo3B2,0.0
BeRe2Hg,0.0
KHfPCO7,4.9735
NaGa4,0.0
TaV2,0.0
Na5Pb4,0.0
CF2,4.8548
Zn2SnSbO6,0.0
AgGeO3,0.0
Li3CuF5,0.6012
NaMnTe2,0.0
Mg(BiO3)2,0.0
TiV2Cr,1.26
Zn2CuRh,0.0
ReH8(Br3N)2,0.6979
NpTe,0.0
Ba2CaGe,0.0
YbPO4,0.0
Mg3Fe2O7,0.0
KNd(WO4)2,3.572
Ge3Rh5,0.0
Yb2Pb,0.0
NdMg2,0.0
NpO2,0.0
Na4TiAs2O9,3.0773
TiBrO,0.0
Be2GaCu,0.0
Pr3CuSnS7,1.7652
Dy2InGe2,0.0
YbIr2,0.0
YbNdAg2,0.0
CaV2O5,0.5639
BeIr4Pd,0.0
Ce(FeSi)2,0.0
LiY2Ru,0.0
Ba3NiIr2O9,0.0
CuPtF6,0.0
Ba4FeRh,0.0
Ca(PPd)2,0.0
K2AlF5,6.6164
RbMnBi,0.0
SbPd3,0.0
Bi2SeO2,0.0
BeReBi,0.0
InCu2,0.0
ZrSO,0.9563
Nd3NbO7,2.6378
ErSi,0.0
BaZr4Tl,0.0
BiSbO4,2.6788
MgAlRh2,0.0
NpSeO,0.0
NdCoGe3,0.0
Tm2CoOs,0.0
Ba4GaBi,0.0
BeVCo,0.0
Rb(TeO3)2,0.0
Nb3I8,0.1157
YbP3,0.0
RbVCl3,0.0
Ba2SrI6,3.7493
Zn(InSe2)2,0.9316
Rb2PtF6,2.6122
Li2Mg2MnFe(P2O3)2,0.2293
YbThPt2,0.0
NdPd,0.0
TiZnCu2,0.0
TiAlAu,0.0
NaCaBe2B2O6F,5.3964
BMo2C,0.0
CaZnSO,2.8876
LiNd2Ga,0.0
Ho3(AlNi3)2,0.0
UC2,0.0
Mg3As2,0.7149
CdCuH8(ClO)4,0.7198
Pd3Pb,0.0
TiCrP,0.0
UB2C,0.0
ThInAg2,0.0
Dy(MnGe)2,0.0
BeGa4Mo,0.0
NaTeH6O6F,3.6678
YZr4O9,0.0
Sr(ScS2)2,1.3425
Tl2Ge2S5,1.9311
YbNi2Sn,0.0
MnRh,0.0
AsIrRu2,0.0
Ta2MnOs,0.0
Ba2SmNbO6,2.9244
CaB6,0.0449
TePd3,0.0
YTe3,0.0
Be2InCu,0.0
Sm2SO2,3.0431
P2O5,5.6002
Sm2InGe2,0.0
Li3Ni3OF7,0.8672
KHg2Bi,0.0
KTi2Bi,0.0
Sm3Co,0.0
Ba4SbPd,0.0
LiMgZn2,0.0
RbAlF4,7.3637
CaUO4,2.3389
ZnCrO4,2.0672
YbClO,0.0
Rb3Pt,0.0
LiHg2Os,0.0
LiNbS2,0.787
NaCSN,4.1344
Mg(NiN)2,0.0
Tm2MnS4,0.5035
Ti2TcNi,0.0
Fe4N,0.0
Na2BeBi,0.0
SrScBe,0.0
BaSrZn,0.0
Th(TeI)2,0.8668
CdHgPd2,0.0
Ba2Zn,0.0
Ba4MoPb,0.0
U(CuGe)2,0.0
Eu(ZnAs)2,0.0
K2CoCl4,0.8540000000000001
Li2BF5,7.8726
Zr2AgPdF,0.5687
GeClF,2.7919
Na3SbSe4,1.057
LuBi2ClO4,1.5449
VCrO3,0.0
Ba4SiRu,0.0
Rb2NaTlCl6,1.7859
Be2MoOs,0.0
LiTlPd2,0.0
Zr6Al6Os7,0.0
NaNb3(Te2O3)2,2.0921
BaNaSc,0.0
MnBe3,0.0
Er3(In2Co)2,0.0
LiV2OF5,0.3296
Fe3W3N,0.0
InPO4,3.062
Na5GeP3,0.9786
Ca2GeO4,3.06
K2Ag4S3,0.0
BaTcCl,0.0
Al2PbSe4,2.0906
Co(BiO3)2,0.0
MnCoTe,0.0
InBrO,2.06
TbSnAu2,0.0
YErRh2,0.0
PaAs2,0.0
BePdPb2,0.0
DyGaPd,0.0
BeSb2Pt,0.0
KNaGeO3,3.2392
Sb5IO7,2.4603
NaNiBO3,0.5713
Rb2Cu(BrCl)2,0.0
SrHg,0.0
Sr2CoReO6,0.0
Ba3(CrS3)2,0.8108
Yb2AgPt,0.0
LiCoS2,0.5789
PuGa,0.0
Ta9(NiS3)2,0.0
HoTmMg2,0.0
In5B4Ir9,0.0
TmTaOs2,0.0
Ti2CS,0.0
BaAlSi,0.0
MgSO4,6.1132
Al2CoIr,0.0
Ba4ZrSe,0.0
BeNbTe,0.0
PaC,0.0
NdInCu2,0.0
CoGe2,0.0
Mg3Ni,0.0
VPO4,0.0517
Nb4CrS8,0.0
NbAsRh2,0.0
Mg(MoO2)2,0.0
KBrF4,3.1375
ZrSn,0.0
Ba4InBi,0.0
BeTlCd4,0.0
YHoZn2,0.0
Sc6Al6Os7,0.0
Li2SeO4,4.0217
HgO2,0.318
LiAgF4,1.1289
Na2CoS2,0.0
MnAlCu2,0.0
Na2GeO3,3.1287
Ce(WO4)2,1.8917
Be(VSn)2,0.0
BaLi4Cr,0.0
NdGa3(B2O)2,4.708
ThSiO4,5.2927
TlCuF3,0.0
OsN2,0.0
Ba2ScHg,0.0
Ba4VIr,0.0
Li2Si2WO7,0.0
Ho5Rh3,0.0
YMgBe,0.0
Ag(TeMo)6,0.0
PrLuO3,4.9984
Ca3Si3(BiO)2,3.4568
CrGaP2,0.0
ErGaCo,0.0
Na2Mg5(P2O3)2,5.3535
Pr2NCl3,3.258
NaBe2Tc,0.0
BaCaZn,0.0
Sr5In3,0.0
Li3H4Rh,0.6106
Re2PbO8,3.5456
Ba4TaOs,0.0
Ca2ZrBe,0.0
DyInAu2,0.0
Pr(MnSi)2,0.0
Mn3IrN,0.0
FeO2,0.0
SrCaI4,3.1132
LiGa2Rh,0.0
BeAlIr2,0.0
LuTe2,0.0
Cu3NiH6(ClO3)2,0.0
NbGeAs,0.0
HfCuSn,0.0
KCuS,1.9627
BeNb2Tl,0.0
BeNiSb2,0.0
YbPmPd2,0.0
TiRu,0.0
FeH4Br3N,0.0
Ca2InN,0.0
LuNiBi,0.0
Ba2AgBi,0.0
RbF,5.9592
BeGe4Se,0.0
In2CoS4,0.0
MgCoSiO5,0.0
PHPb2,5.7049
NbAlO4,2.7258
Al2Si4O,4.2891
BeRe2Br,0.0
GaFeNi2,0.0
Sn3N4,0.4031
ZrGeRu2,0.0
Ca2Ni3O8,0.1872
Y(NiO2)2,0.0
Co2Mo3O8,0.0
CaCO3,5.1687
NdPbAu,0.0
Ba2PrNbO6,3.1151
BeTl2Fe,0.0
Y2CuAg,0.0
Sc2PdPt,0.0
BaNdMn2O5,0.0
KLiO,2.9231
HfZrTc2,0.0
Ba3CaI8,2.9547
BaCe2MnS5,0.0
ScOs2,0.0
Tm2AlOs,0.0
Li4Mn3SbO8,0.0
YSi,0.0
Er(MnSi)2,0.0
Pr2IrAu,0.0
Rb3BS3,2.659
ErTlSe2,1.2981
CeMnSi2,0.0
CrCoTe,0.0
P2Pd2O7,0.8837
Na3Sr3GaP4,0.6729
Li3V2(O2F)2,0.0
LiYb2Ir,0.0
ScMnSi,0.0
GeClO2F5,1.9652
SiGe,0.4033
Ca2SnO4,2.8916
Te4W3Se2,0.3682
BaHf4Be,0.0
TmZn,0.0
TiGa2O5,2.2429
Mn2AlB2,0.0
TiMnH2(OF)6,0.4755
ScAgO3,0.3405
Mn3N2,0.0
Lu3O2F5,5.898
CaTaBe,0.0
BeHg2Ir,0.0
NaLaBe2,0.0
Li2BeW,0.0
LiBe2Os,0.0
Cu(HO)2,0.1926
Tb2PbS4,2.2348
NaTl2GaF6,4.7748
Be2FeSi,0.0
PuB4Os,0.0
Li8VO5F,0.1314
MgV2O5,0.4604
HfB4Ir3,0.0
SrHClO,5.2065
NaErTl2,0.0
LiVNiO4,0.6477
LiPr2C2N4F3,3.7337
Na2CrCSO7,0.9514
ErPd3,0.0
Be2IrPt,0.0
LiSnHg2,0.0
Cd(In2I3)2,1.5763
CaNdRh2,0.0
Ba2MnMoO6,0.0
BaNbO3,0.0
Ba2TaBiO6,2.5757
KBrO3,3.7625
LiSi,0.1609
BeCd2Ir,0.0
NaMnBe2,0.0
CaW,0.0
CoSn2H2(OF)6,0.4248
TbB4,0.0
Fe2NiO4,0.0
Y2V2O7,0.0
NpSn3,0.0
BeVFe2,0.0
K2BaCdSb2,0.2098
Mn2CuGe,0.0
K2BeFe,0.0
BeP2Cl,0.0
BeTl2Te,0.0
Eu3As4,0.0
Ta3Al2CoC,0.0
BeTcW,0.0
BeFe4Mo,0.0
AgNO2,1.1882
CaTcO3,0.0
Li3FeOF4,0.0
ScIO,1.9459
KMnSb,0.0
KLiZnS2,2.5922
Sm2AgRh,0.0
KNaThF6,7.2045
NaAg(NO2)2,1.8431
Dy3Al2,0.0
BeSbTe,0.0
ErRh,0.0
TmMgAg2,0.0
Nb3Ge,0.0
Li2GeF6,6.0908
LiMgH3,4.2921
NaCrH8(NF3)2,2.1989
UBi,0.0
LiNiOF2,0.0
LiNbRh2,0.0
LiPm2Rh,0.0
BeFeW2,0.0
BaMgO2,3.3922
Te6Mo2W,0.8763
LiAs,0.4752
CeSbAu,0.0
AgAuCl4,0.5592
BaNd2FeS5,0.0
YbYRh2,0.0
Ac2ZnGa,0.0
Rb2LiAsO4,3.9049
RbLaSi(CN2)4,4.4611
TaBeGa2,0.0
NaInHg2,0.0
HoFeC2,0.0
Li2Fe(PS3)2,0.0
BaSnSb,0.0
AcYbMg2,0.0
TiGaFeCo,0.0
Ca(MnN)2,0.0
BaSr2Ca,0.0
Rb4CdBr6,3.212
Na2ZnBr4,3.803
AgSbTe2,0.0
CaMoN3,0.0
Cu(HO)2,0.0
RbNbO3,2.8758
Tm(FeSi)2,0.0
FeCo3,0.0
AlCrO3,0.0
Na3Pt,0.0
TiBr3,0.0
Be2VTe,0.0
Rb3Mn2Cl7,0.9575
U2Cu2As3O,0.0
UNiAs2,0.0
Mn2VO4,0.0
Y(CuO2)2,0.0
CaSn2O5,1.1787
KCoO2,0.0
Na2BeIn,0.0
P4S3,2.3051
YbSmRh2,0.0
HfBeCo4,0.0
MgCdRh2,0.0
NaBe2Pb,0.0
CaPuRh2,0.0
CaMn2Be,0.0
BaHg2,0.0
ScNiBi,0.1769
CrC,0.0
ZnCu2GeSe4,0.0
LaDyRu2,0.0
MgFe4O9,0.0
SmI3,1.6139
Hf2Pd,0.0
HfBe2Hg,0.0
HoHg3,0.0
LaP,0.0
ScNbTc2,0.0
HgO2,0.0
Te4Mo3W(SeS)2,0.0
BePd4Rh,0.0
Tm(SiNi)2,0.0
TaGeRh,0.0
BeCuHg,0.0
ZrBe2Os,0.0
BeFe2Ge,0.0
K2HgSe,1.9222
Lu2Fe2Si2C,0.0
KP,1.1323
FeCu2SnS4,0.0
SmMgRh2,0.0
GeF4,5.0754
NaBe2Cu,0.0
TaSi2,0.0
Fe6OF,0.0
PrVO4,2.8303
PrTe,0.0
MnBeV2,0.0
Sr2Cu(IO)2,0.0
Li7FeO6,0.5736
Si3CCl8,4.4639999999999995
V2CrRe,0.0
Al2NiCl8,1.2395
Na2DyMoPO8,4.1358
Na3InCl6,3.7579
Ba5Nd8Mn4O2,0.0
EuSnHg,0.0
NaVPCO7,0.35600000000000004
Ce4B2N5,0.0
Cr2O5,0.4357
TaBe2Nb,0.0
Fe3(SiO4)2,0.0
Rb2BrCl6F,1.0189
Lu2CuRu,0.0
Mo(WS3)2,0.9098
NaCrS2,1.0681
BaMg2,0.0
K2NaVOF5,0.9587
Al2FeIr,0.0
Li2CuNi(PO4)2,0.0
MnCuRh2,0.0
Zn3Pd,0.0
U3Bi4,0.0
ZrBeNb2,0.0
Cd(InS2)2,1.0379
Pa2S3,0.0
LiMg2Tl,0.0
AlCu,0.0
LaNiSb,0.0
BeHgMo,0.0
As2Pt,0.0
Ba2CoMoO6,0.0
BaYSn,0.0
Ce3Bi4Pd3,0.2677
Ba2ScTl,0.0
HgCl,2.2532
BaZr2Co,0.0
Lu3Ni7B2,0.0
Sr4ZrBe,0.0
Ba2PdBr,0.0
MoW3Se8,1.0847
Li5(NiN)3,0.0
KZnF3,4.1604
VS2,0.0
SmNi,0.0
YCo3,0.0
Ba2GeSe4,1.2603
IrOs2Br,0.0
Al2TcAu,0.0
MnV2O6,0.0
Lu2GaCu,0.0
U2TeN2,0.0
Rb2CuCl4,0.0
CaCuP,0.0
KBe2Br,0.0
TlInS2,0.7340000000000001
Cr3HO8,0.0
YIr2,0.0
RbUN3O,2.6462
Pr2Co2P7,0.0
CeGeAu,0.0
NaSi,1.2144
TcAsPd2,0.0
NaSmS2,2.2248
PmInAu2,0.0
CaFeF6,0.0
BeHgSb,0.0
Li2HfO3,4.3113
ScNi4Sn,0.0
Mn2Os(CN)6,1.6255
PrSmMg2,0.0
Ba4HfTi,0.0
HoNiSb,0.2616
Ba4TaV,0.0
SiOs,0.0
HoCoC,0.0
K2BeMo,0.0
Li2PrTl,0.0
ZrSb2,0.0
BeTcBi2,0.0
Mg2SnIrO6,0.0
Nd5As2Cl,3.337
Ge2SbO6,0.0
Li(TiS2)2,0.0
PmAlAu2,0.0
KInO2,2.3528
BaCrSi2,0.0
Y(MnBe)2,0.0
BeCdTc2,0.0
Rb(OsO3)2,0.0
MnSe2O5,0.0
BeVPt2,0.0
SnO,0.5069
TiOs3,0.0
MgBeIr,0.0
Ce(NiSn)2,0.0
Sr2CaUO6,2.32
K2Ti(SiO3)3,3.3857
Li2TlPb,0.0
NaBeGe4,0.0
CdGeAs2,0.0
UTl3,0.0
BaCaSe,0.0
BaCd2Sb,0.0
Tm2O3,4.1937
Sr2CrO4,0.0
Ba(POs)2,0.0
Er2ZnIr,0.0
AcMg3,0.0
USbSe,0.0
TbFe2,0.0
TlBAs,0.0
SrTa2Be,0.0
Pr(CoB)4,0.0
BaN6,3.8288
LiSbWO6,2.669
YbMnGe,0.0
Ca2Ge,0.674
BeRhW,0.0
Mg2CuN2,0.2883
NiN,0.0
TaAsBr,0.0
AgAuS2,0.0
ScRu2,0.0
TaTiBe,0.0
V2AsAu,0.0
CaCO3,1.5255
SmSnAu2,0.0
Li2DyPCO7,5.1986
Dy(CrSi)2,0.0
CoAg3(CN)6,2.9903
Li4Ti3Co3(NiO3)2,0.0
OsO2F3,0.6439
In6Ga2PtO8,0.6636
Ti2CuS4,0.0
TiInNi2,0.0
VZnF4,0.0
LiMg2Rh,0.0
XeIF7,2.832
IO2,1.4994
Ba4GaCl,0.0
Pb3I2(Cl2O3)2,3.1802
HoIO,3.5203
Cr2AsPt,0.0
ScB2Ir3,0.0
Na3SbS4,1.8918
BeVMo,0.0
AcPbAu2,0.0
Na4BeTc,0.0
PbI2,2.2722
Be2TcNi,0.0
YCoO3,0.0
Sm3Ir,0.0
Li2UMo2,2.5568
Li3GaGeO5,3.422
ScAs,0.0
Hf2ReRh,0.0
TaPt3,0.0
TlN3,1.849
DyCoSn2,0.0
BeTcW2,0.0
NbCrO4,0.7101
Li3Ge,0.0
LiGa2Pd,0.0
NaAlAsO4F,3.7922
CaHI,3.6162
Lu2MgSe4,1.5689
ThGe,0.0
Mg6MnO8,2.2112
Sc2TcAu,0.0
LiSbF6,4.9074
TmMg2,0.0
HfScTl2,0.0
Pm2MgGa,0.0
Li4Ti3Fe3(SbO3)2,0.0
Ce3Tl,0.0
LiTi4VO8,0.0
Ba4TiRu,0.0
CaSnO3,1.6842
LiCaMgSiN3,3.0809
Rb2NiF6,1.6055
Ba4RePt,0.0
Tl3AgTe2,0.6154
V4ZnO8,0.0
Pr2B3Cl,0.0
ZnCr2O4,0.9221
Mn2VSi,0.0
LuCd,0.0
HgPd,0.0
TiBeRh,0.0
ScBe2Bi,0.0
Li2VSiO4,0.4019
BeZnIn,0.0
Ti3Sb,0.0
Ba4ScRh,0.0
TaAlNi2,0.0
Ba4HfBr,0.0
TmAl4Ni,0.0
LiVOF4,3.0366
Mn2CrCo,0.0
TmCd,0.0
PmHgAu2,0.0
Ti2MnAl,0.1703
LaSiRu,0.0
AcAgTe2,0.0
Li3Co4CuO8,0.0
K2LiVO4,3.7838
YbErPd2,0.0
Sm2SeO2,2.3161
GaNO5,1.8002
Co3Se4,0.0
Li2MgSn,0.0
ZrTe3,0.0
AlSbO4,1.7682
Li2CoGeO4,0.6304
HoZnRh,0.0
NiH2SeO5,1.0768
Ta5Sb4,0.0
LuCoC,0.0
Li4CO4,4.7795
Na2CrO4,2.647
KAsF6,4.8492
Rb2FeCu(CN)6,0.0
NaTbSe2,1.8621
TbTiGe,0.0
LiMnAlO3,1.073
La2TlHg,0.0
TmB4,0.0
AcCd3,0.0
Li2VSiO5,0.7446
Dy3PbC,0.0
Mn4BeTe,0.0
Dy(NiGe)2,0.0
FeB,0.0
Li(FeP)2,0.0
BeSi2Ru,0.0
BeSbBr2,0.0
Co2SiO4,0.0
Mn2Cd3O5,0.0
Li5Si2BiO8,2.8527
Pm3Sc,0.0
Ho3ScO6,4.5987
Ba2LiCl,0.0
Ba2YV3O8,0.0
GaCu3,0.0
SrAgO2,0.0
Ba2Mn2As2O,0.0
Zr(Fe2Si)2,0.0
HfBeFe4,0.0
Na4Mn2O9,0.0
TmThOs2,0.0
PbF2,4.5818
Pr2O3,3.7876
HoVB4,0.0
Zr3Ga2,0.0
SbH3OF6,4.6577
FeP4,0.8012
HfBeZn2,0.0
K4BeSb,0.0
Li2AlAg,0.0
NaAl(MoO4)2,3.7539
K5P2Au,0.6168
Rb2NaMoF6,1.8779
Sc2BeCl,0.0
MgSe,2.1169
BaTcTe,0.0
WBr4O,0.4015
Ba5Bi3O,0.0
AgPPt5,0.0
MgIn5,0.0
Mn4Cu3O2,0.0
YbSi2,0.0
GeS,0.8253
VNi2Sn,0.0
Co2Sn,0.0
Ti2Cd,0.0
TiGaRh2,0.0
Mn3ZnC,0.0
Nb2Zn3O8,3.0071
CoSeO3,0.1782
MgSeO4,3.1010000000000004
SmErIn2,0.0
BaMnF4,2.0463
Zr3Zn,0.0
Ti3Rh5,0.0
UPb,0.0
HgBiO3,0.0
Be2Ga2Re,0.0
Ce2Ni,0.0
Li4H3BrO3,4.712
BeFeBi4,0.0
Cd2AgAu,0.0
Pr2CrS4,0.0
BeZn2Bi,0.0
Mn3O4,0.0
ThIr5,0.0
Ta2Mn2O7,1.4542
BaHfMg2,0.0
Ba3MnNb2O9,0.2785
U(Al2Fe)4,0.0
Mn2NbAl,0.0
Li2BeCl,0.0
ZrPd3,0.0
HfB6,0.0
KAsO2,3.7351
FePS3,0.0
BeInSe2,0.0
BeFePd,0.0
Li3V2Fe3,0.0
Eu2MgH6,0.0
YbSmHg2,0.0
AgTe2Au,0.0
Tl2CdTe4,0.0
H5PbCI3N2,1.8053
UGa5Ir,0.0
Ba4BeNb,0.0
BPO4,7.4675
MgSn3,0.0
LiVF3,0.5251
Ba2HfPb,0.0
Nd(AlAu)2,0.0
Sc2ZnTc,0.0
CaH4SO6,5.8253
Mg(As2Rh3)2,0.0
Rb3Tc,0.0
LiFe(SiO3)2,1.3557
BaTlP2,0.0
TmTh3,0.0
Hf2BiB,0.0
LiV2F5,0.9965
Be2NbZn,0.0
TaTl(GeO3)3,3.6539
Ti(TlSe)4,2.056
ScPt3C,0.0
BeOsBr4,0.0
Li(Fe3Ge2)2,0.0
CaZn5,0.0
Ti2AlRe,0.0
BePbCl2,0.0
Nd(SbOs2)2,0.0
Rb2TaCuSe4,2.0457
KNa3WO5,3.6978
NaIn2Bi,0.0
Nb3Sb,0.0
Sr(GeRh)2,0.0
Pm2ZnSn,0.0
Ba2TlZn,0.0
Te3WO2,1.7442
Na(CO)3,0.8874
Nb3Pb,0.0
AuBr,1.8706
Ba4MnNb,0.0
BeCdW2,0.0
HoCo3Cu2,0.0
BaTaPt2,0.0
ScSiAu,0.0
PmInRh2,0.0
Nd(PdO2)2,0.0
BaCuTe2,0.0
Ba3MgNb2O9,2.7115
CaB2(H2O3)2,5.9639
BeOs2Cl,0.0
BaGaTe,0.0
Cu2OF2,0.0
Nb6Co6Si7,0.0
Na2ZnSiO4,3.4421
Zn(ReO4)2,3.864
HfBeBi,0.0
Sc2ZnPt,0.0
ErAsPd,0.0
Li6CoO4,0.53
BeFeCu2,0.0
LiMnBe2,0.0
BaTaHg,0.0
SbAsO5,1.9561
YbPaRu2,0.0
NdCuS2,1.1431
BaTiHg,0.0
ErTa3,0.0
Sn3F8,3.3057
HfAlCu2,0.0
CoSn,0.0
CaO2,2.5641
BaSr4U3O4,2.1628
Ca4SnS6,1.9282
NaFePO4,0.0
Cd2B2O5,2.6896
EuTl2Pd,0.0
Ba4YRu,0.0
FeGe2,0.0
KPuO3,0.0
NbCrSi,0.0
Tm2TlCd,0.0
ReH4NO4,4.0099
AgBO3,0.0
Sm3Si6N,3.0823
LiYGe,0.0
Ac2SiPd,0.0
Rb2LiDyBr6,4.2167
K2GeF6,6.0161
Li4Ni(BO3)2,0.6381
ZrZnCu2,0.0
CrC,0.0
ZnSeO3,3.6639999999999997
Tm6ReO2,0.0238
U(CoSi)2,0.0
ZnIn2O4,1.4059
Ba(CdSb)2,0.0
Ba4SbW,0.0
MgCr2S5,0.0
Th(CoGe)2,0.0
HgPRh,0.0
ScBeFe4,0.0
BeV2In,0.0
LiBH4,6.9137
Sr2HgPb,0.1665
SmNiC2,0.0
Ba2YMn3O7,0.0
CdHg4C6S6(Br2N3)2,1.5679
ZrNi2Sb,0.0
BeCuPt2,0.0
Li3CeBi2,0.0
NaYbO2,0.0
TiRh,0.0
AlV4C3,0.0
KBeNi2,0.0
Na2Bi5AuO,1.0651
U2N3,0.0
MnBeFe2,0.0
U(NiP)2,0.0
GaCuO2,1.01
HfSiRh,0.0
HoNi4Au,0.0
ReSi,0.0
PrZnIn,0.0
Y3CuGeSe7,1.1
Hf2Ni2Sn,0.0
LaMgTl,0.0
CoNi,0.0
Ba4InRu,0.0
AlZnH4O2F5,5.3383
NdTaO4,4.0375
YbIn2Au,0.0
Li4Mn3Cr3O2,0.0
Rb4Fe2O5,0.0763
Li8Bi2Pd,0.8395
SmTe,0.0
Ba4GeCl,0.0
CrCdF6,0.0
Te7Mo6S5,0.4292
YbCo2,0.0
Rb(SbSe2)2,1.1425
AuClO,1.0993
Rb2Hg7,0.0
Ca2SnHg,0.0
BeZnCl,0.0
NdAl3Br2,3.3959
Mn2Ga5,0.0
LiZnAg2,0.0
BeFeBi2,0.0
ZrHg3,0.0
Rb2Hg2PdCl8,1.6406
HfCoSb,0.0
YbZn,0.0
BeCrRh2,0.0
BaGe2,0.0
ScBe2Cu,0.0
BeZnCu4,0.0
Ba2S3,1.5482
Tm2ZnIr,0.0
CaSO4,6.4716
Cu3Ge,0.0
Rb3Na,0.0
LaBe2Te,0.0
Er2Si3Rh,0.0
RbNa2Bi,0.0
Si3Sb2O9,4.2296
TiBe2Se,0.0
AgCNO,2.0083
YbPm3,0.0
BeTlBi2,0.0
Lu2IrRh,0.0
ZrSnPd,0.494
KIO3,2.7309
YbB4Os,0.0
PrAu,0.0
NaBe2Sn,0.0
Na2O2,0.0
BeTlIn,0.0
LaPPd,0.0
Li3Al2VO6,0.0
CrCdTe2,0.0
Sr(PRh)2,0.0
LiTmRh2,0.0
RbSmTe2,1.2913
NaLaBe,0.0
FeSb2,0.0
UFeC2,0.0
Zr7(NO2)4,2.6771
Mg3Cu,0.0
Dy2Ti3Si4,0.0
Ti3PO7,0.0
LiBeTl2,0.0
CaAlPd,0.0
BaIn,0.0
La3InC,0.0
ScZn2Ag,0.0
Rb2O,1.6071
GaCo,0.0
Si3As,0.0
Ba4GeTe,0.0
ScRh3,0.0
BeNbPt,0.0
PdAuO2,0.0
Li2V3CrO8,0.0
ReSbAs,0.0
AcYbGa2,0.0
TaBeBr4,0.0
ScNi2Sn,0.0
BeCrSi,0.0
LuScRu2,0.0
Be2NiRu,0.0
TmMgAu2,0.0
YTiSi,0.0
V2CrTc,0.0
NaLiZnP2O7,4.5539
ReAsAu,0.0
Li3Zn,0.0
BaSi,0.0
YBeTe,0.0
RbAcO3,0.0
BeZnPd,0.0
Ti2MoAu,0.0
Be2VPd,0.0
CaBeSn,0.0
H8C2NCl,5.6828
Be2BiPd,0.0
Li2CoBO4,0.0365
LiAlGe,0.0
Al5Mo,0.0
SrTiN2,0.8181
BaMgIn,0.0
SrBe2Mo,0.0
MgO,5.1306
Li4Cr3NiO8,0.0
Zr2SnC,0.0
NdTeF,0.5791
BeTcSn,0.0
Sr4TiBe,0.0
Mg2Cu3Si,0.0
YbMgCu4,0.0
TmUTc2,0.0
KBa2Pd,0.0
Ag3PS4,1.1540000000000001
MnNiO2,0.0
Na2FeNiF7,0.3136
Li3As,0.7642
DyZrRu2,0.0
LuSnRh2,0.0
Ba2AlCr3O8,0.0
Zn(SbO3)2,1.1758
BeCuTe2,0.0
ThPd3,0.0
ZrB6,0.0
LiScI3,0.0
PmCdAg2,0.0
KSn2I5,1.5092
Li2CuP,0.0
CaAlB3O7,5.38
Ga2WSe,0.0
ZnInRh2,0.0
Li2GaPt,0.0
Tm2Sn2O7,2.8647
KH2N,2.3828
USbTe,0.0
LiHS,3.4622
KBe2Bi,0.0
Be3Tc,0.0
CaTiO3,1.8686
ScCo3B2,0.0
TmAs,0.0
Ag2H2IOF,1.0484
ZnAs3,0.0
K3BrO,1.017
LiCe(CuP)2,0.0
HfBePt,0.0
SmMoClO4,2.6482
USbAs,0.0
CoSb2,0.0
HfGa2,0.0
MnZn(SiO3)2,1.5609
Cd3In,0.0
Li2Cr3CuO8,0.0
LiZn3,0.0
Mg(CrN)2,0.0
BeCdHg2,0.0
Pr2Be2GeO7,4.382
Ti2Cu3(TeO2)3,0.1474
Nb2CuS4,0.0
ErSb,0.0
Mg2Sb2O5,0.8647
TeW2Se2S,0.4063
LiPr2IrO6,0.0
SiAsPd2,0.0
V2PbO6,1.9621
CrCo2Si,0.0
Tm2Sb2O7,1.8014
MoWSe3S,0.4897
Mg4BeV,0.0
Yb2Sn,0.0
LuUTc2,0.0
PmInPt2,0.0
BaVCd,0.0
Sr3(AlP2)2,1.3413
Lu2ZnHg,0.0
LiSb3P2,3.237
Ho5Co2Bi,0.0
K2BeRe,0.0
MgSnO2,1.5214
BeCdBi2,0.0
Na2BeF4,7.0054
Li3VBPO7,0.0366
Be2NbFe,0.0
OsSe2,0.0
Sr6Y2Al4O5,4.4123
Rb3InO3,2.0608
Sm3(Ge2Ru)2,0.0
Rb3TlF6,3.1891
Li8CeO6,2.7126
Ba2HoNbO6,2.9209
ErAsPt,0.0
BeZnIr2,0.0
Lu3Sn,0.0
PrMg,0.0
BaIrPt2,0.0
Sm3Si2S8Br,2.5883
Mg4Nb2O9,3.4434
InPb2I5,1.9229
CoS2,0.0
ZrGa,0.0
Ho3TlC,0.0
Er2RuRh,0.0
FeAg3,0.0
Mg3Nb6O,0.3132
MgSc2Cd,0.0
NpAl3,0.0
TmGaO3,3.9292
ErAg,0.0
NaY2In,0.0
MgFeO3,0.0
Be2CrSe,0.0
Pm2ZnRh,0.0
YbTl3,0.0
YZrSb,0.0
Cr2NiSe4,0.0
LiDy2Os,0.0
ScTa(PbO3)2,2.7334
Ce(Fe2P)2,0.4578
BAsO4,4.1455
Yb3In3Ge2Au,0.0
Sr2Ge,0.3881
CdPd5Se,0.0
Sm3Cd,0.0
Lu2RuAu,0.0
Li5MnO4,0.944
NpAl4,0.0
Cu6PbO8,0.0
HoB2Ru3,0.0
HfBeCo,0.0
CaMn2O4,0.0
BeGa4Te,0.0
Li3P2WO8,0.977
Tl2WCl6,0.0
Fe3S4,0.0
MgW3,0.0
Al(CoO2)2,0.0
NdGe2,0.0
KHfNi,0.0
YLuO3,3.575
Co2NiS4,0.0
BeCr4Se,0.0
YbCd3,0.0
HoP5,0.278
Re2P,0.0
NaBeAs,1.4992
Yb(FeO2)2,0.0
YPbAu,0.0
SmTmZn2,0.0
Ac2AgIr,0.0
Be2ZnGa,0.0
Sm2PdRu,0.0
NbCrN,0.0
BeReRu2,0.0
BeV2Os,0.0
Ba4HgBi,0.0
VO,0.0
LiCa2Ir,0.0
BaYFe2O5,0.0
Na2SnTeO6,1.4233
TbAlO3,5.6961
Ga2Te5,0.9558
Ba4MnFe,0.0
Ca(SbO2)4,0.0
RbSnIO6,2.2359999999999998
BaIrF6,0.0
NpN2,0.0
RbHO,3.422
Yb2PtAu,0.0
Al4Bi2O9,2.8431
CdPPt5,0.0
KBaLi2,0.0
KPb2,0.0
Ba4ZrIn,0.0
PbCl4,1.4447
ErCuAs2,0.0
ThB6,0.0
BaMgCr4O8,0.0
Na2TaBe,0.0
LiMn3Al2(H3O)2,0.0
TlCdF3,3.9921
SrBeV,0.0
CaAg,0.0
HgRhO3,0.0
Li2MnF5,0.3864
MnV2Re,0.0
LiLaNb2O7,1.4303
CeBPt3,0.0
Ba4Br6O,3.8045
U3Ge,0.0
BeZnIn4,0.0
DyVB4,0.0
MgBePd2,0.0
MgPPt5,0.0
MnZnF4,1.6058
Ba2MnBi,0.0
Pm2SnAu,0.0
Rb2NaFeF6,0.6266
Al2IrOs,0.0
YRhW2,0.0
SmFeB4,0.0
Nd2Th2O7,2.7273
K2LiBO3,4.1354
MgNiH,0.0
Re2PtRh,0.0
KInBr4,2.7166
Na2MgSn,0.0
LiFe(CoO3)2,0.0
BaSc2Re,0.0
Pr4(FeB2)3,0.0
MgBeGe,0.0
BeGaFe,0.0
Ni3Sn,0.0
BaGe2B,0.0
NdSmO2,0.0
Li(CoO2)4,0.0
BeFe2P,0.0
Sb3O2F5,3.7664
Eu2GeSe4,0.7136
Tm2ZnRh,0.0
TbTlS2,1.6441
Li2HgGe,0.0
Rb(CoS)2,0.0
LuCoO3,0.4278
IOF3,3.4402
K2CoS2,0.0
Li4MgCo3O8,0.0
MnAgO2,0.0
Be2CuBr,0.0
Mg4BeTe,0.0
Y2Mo2O7,0.0
LiSO3F,6.1988
SmMg3,0.0
BaMoSe,0.0
Tl2O,0.6467
CoBW,0.0
Re(SeCl)2,0.7923
Tb(SiIr)2,0.0
YTmRh2,0.0
Ba4TaCd,0.0
Ba4HfTl,0.0
ZrAl2,0.0
AlBiSCl4,2.8786
VZn3,0.0
TmRh2,0.0
AgHgSBr,1.2064
Ba2HfNi,0.0
Ni2H,0.0
K2AgAs,1.2869
TbB2,0.0
MgScPd2,0.0
BeV2Pb,0.0
CeCo4B,0.0
Tl2SnF6,4.3464
Rb3As,0.0
K2RuCl6,0.0
Ba4RhCl,0.0
Tl2TeCl6,2.4107
BaYCuAgO5,0.0
Pm2CuRh,0.0
Er5Sb3,0.0
Cr3C2,0.0
Li6MnF8,0.5746
BePPb2,0.0
Rb3Mn2Cl7,0.6166
NpNi2,0.0
NbRu2Cl,0.0
Sr2VO4,0.0
HfBe2Pd,0.0
V2CrMo,0.0
BeReOs4,0.0
SmBiRh,0.0
K2PtI6,0.8599
KBe2Cu,0.0
Rb2NbAgSe4,1.8358
Zn(BiO2)4,0.0
YGaRh2,0.0
Al(MoS2)4,1.2703
CrSbS3,0.6226
Mn2O3F,0.0
LiSnPO4,3.1855
Sm2NiIr,0.0
MgMn(GeO3)2,0.0
LiTm2Pt,0.0
BaZnCl2,1.1438
BeNiRu2,0.0
RbVF3,0.0
LiCr(CO3)2,2.0515
Li3Ti2(NiO4)2,0.0
Na2CuP,0.7861
Fe3Co,0.0
Ba2LaNb,0.0
YBe2Re,0.0
TiN,0.0
Ce3SnC,0.0
Nd2Si3Rh,0.0
Al4C3,0.0607
BaNa2Pb,0.0
BeCuPd2,0.0
Sc2BeV,0.0
Tc2MoAs,0.0
MgCl2,3.7105
Mg2ZnRh,0.0
K5Au(IO)2,2.2374
BaLiCr,0.0
Ba4BiTe,0.0
CaBe2Ru,0.0
LiH3O2,5.0509
Be2VMo,0.0
Be2TcIr,0.0
BaIn2Te,0.0
Ti2TcRh,0.0
TbGaRh2,0.0
NaBe4SbO7,3.5531
LuInPd2,0.0
SrLiAlF6,7.7035
TaInNi,0.0
ThTl3,0.0
Na(SnO2)2,0.0
Ba4LiNi,0.0
LiInSe2,0.7838
TbInRh,0.0
Be2NiCl,0.0
Ho2CoOs,0.0
MgSeO4,3.3686
PuO2,0.0
LaMg3,0.0
KBaSi,0.0
Ba4HfO6,3.0766
BeNbTl,0.0
Ga2BSb,0.0
LuWO4,0.0
Ba3NaBiO6,1.7554
Na2AsAu,0.4971
Ca(GeAu)2,0.0
WS2,0.0
Be3Cd4Si3SeO2,2.9454
LiBeZn,0.0
BeNiIr,0.0
Zn2Fe3O8,0.0
BeInCl4,0.0
PrBi,0.0
K2OsNCl5,1.7216
HfH2,0.0
UGa2,0.0
LuSnPd2,0.0
BeZnSb2,0.0
Dy5Si3,0.0
KLiTe,2.6485
SmNi5,0.0
Y(SiRh)2,0.0
BeNi,0.0
Nd3Tl,0.0
PrCd3,0.0
Ba4BeTl,0.0
SrBe2Tc,0.0
NpP,0.0
KMnP,0.0
Al6Fe,0.0
Mg3V2O8,3.1598
LiCu2Sn,0.0
ThRh,0.0
Fe7O8,0.0
Rb2HgSe,1.9844
Te8Mo3W,0.8673
Sc2NiOs,0.0
TbBi2IO4,1.5039
DySbPd,0.0
ErH3,0.0
LiVGaO4,0.0
TiGaPd,0.0
Ba4SnMo,0.0
PrBrO,3.6017
Ba4CaV,0.0
Np(CoGe)2,0.0
Y2Cr3O9,0.0
BaMgZn,0.0
InN,0.0
MnP2,0.0
Fe(NiS2)2,0.0
BeGe2Pd,0.0
Ba2YTlCr2O7,0.0
CaSnRh2,0.0
LiInHg2,0.0
KI,3.6315
AlSiP3,0.3617
PaInPt2,0.0
Rb2SnAs2,0.7572
NdTmMg2,0.0
MnNbSi,0.0
BeInIr2,0.0
Yb3DySb3,0.5662
AsPd2,0.0
LiY2Rh,0.0
YNbO4,3.4819
Ba(NiP)2,0.0
LiC,3.482
K8NO3,0.0
Pm2SiAg,0.0
CaNdCd2,0.0
Be2CrRh,0.0
NaSbO3,1.6127
Rb3SbSe3,2.2486
HoLuAu2,0.0
Mn(SbS2)2,0.6183
Se2NCl3,0.8403
HoNiB4,0.0
KAg3Te2,0.0
PuP,0.0
PaAlCu2,0.0
NdInRh2,0.0
Lu2AgRu,0.0
K3Mo,0.0
TiCoAs,0.0
HfB2,0.0
Sc2GaCu,0.0
Ba4ZrHg,0.0
Pr3CuSiS7,1.6748
LiAlHg2,0.0
NdSmHg2,0.0
LiCrO2,0.0
Y3Ni4B4C3,0.0
ThSnI6,1.9573
Ba4VGe,0.0
RbCa2Ta3,2.2325
SmMgTl,0.0
Tm2MgGe2,0.0
HfGa2Co,0.0
LaRh3,0.0
NaTaO3,2.4774
Th2MnN3,0.0
YGaAg2,0.0
TaBe2Pb,0.0
LiSi2N3,5.3012
SrMgIn3,0.0
MgCrSiO5,0.0
TbCdAg2,0.0
Ba2Y(CuO2)3,0.0
BaTl2O4,0.0
NaRe3,0.0
HoPd3,0.0
Nd2MgCu2,0.0
CuS,0.0
Cr3InO8,0.0
HgPtO2,0.0
Rb7NbAs4,0.9964
Be2GeRu,0.0
VSiTc2,0.0
Ba4MnBi,0.0
GeRu,0.126
Ca(GeIr)2,0.0
VRu3C,0.0
ScBeZn2,0.0
ScSiPd2,0.0
LiYSi,0.0
HfCoSn,0.0
KBe2Cd,0.0
SmErZn2,0.0
CaPmHg2,0.0
BaNbBi2,0.0
MoI3,0.0
Nd3PbN,0.0
HfSnRh,0.0
RbMnBr3,0.8775
SnBO3,0.0
MgZn,0.0
LiScO2,3.916
Ti6Al6Pd7,0.0
Na3VPCO7,0.9937
SbO2,0.0
RhN3,0.0
MgO6,0.0
YbCdHg2,0.0
TiPd2,0.0
LaN,0.0
AlVNi,0.0
Be2ZnTe,0.0
YNi5,0.0
Al2RuRh,0.0
TmIn3,0.0
Y2CdIr,0.0
VGaFeCo,0.0
LiZnSb,0.5225
Li2CuSb,0.6078
Mg3In,0.0
NaCd2Au,0.0
RbAuI3,0.6111
Sc2IrPd,0.0
SbRh3,0.0
Ba3NaN,0.0
MnBe2Cu,0.0
TaN,0.0
Hf2MnRh,0.0
LiRu2W,0.0
FeN3ClO3,1.294
SrCrW2,0.0
KBeIr,0.0
SrNbO3,0.0
Ti2BePb,0.0
Yb2TlCd,0.0
HgI2,1.107
LiMnBO3,1.9019
AcOF,4.3681
MnPO4,0.0
MoAsPt2,0.0
PuP3,0.0
Hf2Tl,0.0
Li2Co4O7F,0.0
KRb2GaF6,6.3424
B3H7CO,4.065
GaPt3C,0.0
YbTl,0.0
Dy(Fe2Ge)2,0.0
Ca(MnS2)2,0.0
Ba4InPd,0.0
CaYIn2,0.0
Li3NbO4,3.7591
FeBW,0.0
NaBeGa,0.0
Na2CuF4,0.8285
CaMgGeO4,3.7513
Ba(AsPd)2,0.0
Pr2Re2Si2C,0.0
Li2GeO3,3.6954
ClF,2.0924
BeGaP2,0.0
NbPt3,0.0
SiNi3,0.0
TmMgCd2,0.0
V3Co5O6,0.0
YOF,5.7608
LiMnO2,0.0
TlTcIr2,0.0
Sb2Te3,0.045
TaBO4,3.5443
ZnNiO3,0.0
NaCuO,0.0
Tm2Ni2P7,0.0
Ti2OsRh,0.0
BaNaScSi2O7,4.7855
DyFe5,0.0
Li(NiP)2,0.0
K2VAgS4,1.3514
Sr3ScNiO6,0.0
Ca2AlBiO5,2.5255
InSiTe3,0.3802
LiY2Ga,0.0
MnZnSiO5,0.9206
OsCl4O,0.816
Sr2Co(ClO)2,0.0
Mn3GaN,0.0
V(MoS2)2,0.0
CaBe2Se,0.0
DyRh5,0.0
Li2Mn3SbO8,0.0
YHoRu2,0.0
NaLiTe,2.0719
Sc2TeO6,2.9033
Ba4HgGe,0.0
Ca(AlCl4)2,5.5471
HfN2,0.0
Mg2HgPb,0.0
DyBr2,0.0
Mg3BeAl8O6,5.6845
BaEr2NiO5,0.0
Tm(HO)3,4.975
BaCaBi,0.0
Mg3Pa,0.0
RhPb,0.0
Mg3Fe3O8,0.0
TmGa2,0.0
PmPbAu2,0.0
TiBeGa,0.0
Be2MoBr,0.0
RbN,0.0
Ca2B2O5,5.1109
MgVO3,0.0
Rb3H5Pt,2.6232
DyGeRh,0.0
Al3Ni2,0.0
LiVH2OF5,0.0
CrPO4,1.429
K2Be2Si,0.0
Rb3BAs2,1.4751
BaCdIn,0.0
NdZnPO,1.2188
ZrBe2Sn,0.0
BeFe2Cl,0.0
K2RbBi,0.0
K2Fe(CO)4,3.4112
BeGaTc,0.0
K2P3,0.6956
RhI2,0.0
BaCa(CoO2)4,0.0
ErB2Ir3,0.0
CaBe2Os,0.0
ScAl3,0.0
Be2TeSe,0.0
Sr2BeIr,0.0
RbScO2,3.3994
Lu2InHg,0.0
Sr2PbO4,1.4294
KBePt2,0.0
Ta(TeBr3)2,0.8168
PmAgHg2,0.0
SbTe,0.0844
Dy3AlCoS7,0.0
ScFeO3,0.0
TiAlPt,0.0
MgGa2,0.0
YBe2Tl,0.0
Ba4TeSe,0.0
PbCl2,3.114
Mn2BeFe,0.0
BaV4O8,0.0
Te4Mo3S2,0.5871
TiBeV2,0.0
PrHSe,2.1037
KAgF4,1.7441
Nb5Ge3,0.0
BaO,2.0483
SrBeCd4,0.0
CePRuO,0.0
CuBSe2,1.617
Ba4MnOs,0.0
Ge2W,0.0
Yb(Al2Mo)2,0.0
SrBeSe2,0.0
Na3HoCl6,5.4141
NdPd3,0.0
Be2ZnMo,0.0
Li4BeRu,0.0
BaNd2ZnS5,1.2181
Yb(AlGe)2,0.0
UCoB4,0.0
CaHg3,0.0
LiHoS2,1.9934
NdInO3,2.8536
MnTl3,0.0
TlHCO2,3.4019999999999997
Ho2PdRh,0.0
YSiRu,0.0
Tl(CoS)2,0.0
BeSn2Ge,0.0
NdY3,0.0
CrSb(PO4)2,1.3475
KRb2CoF6,1.4045
PrPPd,0.0
HoGa3,0.0
CaOsO3,0.0
LiErO2,4.4391
Ba3TiS5,1.3802
Ba4HfNb,0.0
CeCr2Si2C,0.0
Be4B,0.0
BaOsBr,0.0
PrGa,0.0
SrZnO2,2.3913
YB2,0.0
NaH2N,2.0593
NdGeO3,0.0
TbTl,0.0
BaSiB,0.0
RbBeH3,3.1403
BaCuBi,0.0
Ba4GeSe,0.0
Lu3TaO7,3.4434
KBe2Sb,0.0
Ba4MoIr,0.0
MnF3,0.0
Nd(CrSi)2,0.0
Ho2Ge2O5,0.0
DyHoMg2,0.0
K4ZrBe,0.0
Ho(SiPt)2,0.0
AsP2W,0.0
TiGaAs,0.0
LiHgPd2,0.0
Hf2Ga,0.0
KBePO4,5.6141
Li2MnNb3O8,0.0
Be2NbBr,0.0
Ba(FeO2)4,0.0
TlBr,2.2005
Ho2RuRh,0.0
KBaBi,1.0242
TbInCo2,0.0
Mg(BeAs)2,0.6931
K3Mn2F7,1.6788
BaTi2Tl,0.0
LiSc2Ru,0.0
HoP,0.0
DyCuSeO,1.384
Ti2OsRu,0.0
Hf2CuOs,0.0
Mn2BeV,0.0
LiErO2,4.6332
TaPbS2,0.0
Sc2AlOs,0.0
Li2TiCo3O8,0.0
K2TiBe,0.0
CrOF3,0.9542
Y2MgAl,0.0
Zn(CoN)2,0.0
NaCa3IrO6,0.0
PrNdO2,0.0
BaMnO3,0.329
B4W,0.0
CaAlF5,7.5166
Sc5Cl8,0.0
PbN,0.0
HfBeGa,0.0
YbAu4,0.0
MnIn2W,0.0
K3B2H2I,4.9422
SmErRh2,0.0
Li5FeOF5,0.5760000000000001
Nb3Au2,0.0
NaNdTl2,0.0
BeTcRu,0.0
Sr2BiAu,0.6175
AlBO3,6.0732
ZrGeO4,3.9051
Ca2MgTl,0.0
BeBiIr2,0.0
KV5Se8,0.0
Fe4Cu3O2,0.0
NaNO,3.3868
YBe2Cr,0.0
HfGeB2,0.0
Hf2BeGa,0.0
DyCd2,0.0
BeGeS2,0.0
BeGa2Os,0.0
LiBeTc2,0.0
Th(CuSi)2,0.0
Ba4HgRu,0.0
AgB(CN)4,4.2849
Mg3ZnC,0.0
BeSO4,7.3031
NiBrO,0.0
Ni2Hg2SF6,0.0
Tl(CuS)2,0.0
TaGaPt,0.0
Na3FeO4,0.0
NaBeGa,0.0
YBiPd2,0.0
MgBeTc,0.0
Fe3CuO2,0.0
Sr3HoRhO6,2.1916
MgV2O5,0.6233
Sm3Si2Ni,0.0
Cr2OF2,0.7075
CuAs4S3Cl,1.4221
Zn(GaO2)2,2.6172
LiTmHg2,0.0
RbAuBr4,1.3929
Ba4ZnRh,0.0
KH2I3O,1.811
TiCdRh2,0.0
Be2VSi,0.0
Li2MnNiO4,0.0
ErMn2,0.0
DyThTc2,0.0
Ba4NaGe,0.0
ClF3,2.6332
ReTeS,0.2413
TlInSe2,0.0
Nd5Si3,0.0
BaSbPb,0.0
PuBi,0.0
UMoC2,0.0
LiSbTe3O2,1.5219999999999998
Li2FeSiO5,0.0
Mn2GeS4,0.0
KNb2Se,0.0
BeTeP2,0.0
Ba4ZrPb,0.0
PmSmMg2,0.0
Li4NbFe5O2,0.0
Na6P4W,1.3045
Be2NbV,0.0
Tl4CrI6,0.2854
BeReCl2,0.0
TcAg3,0.0
TbCuSb2,0.0
NiAu3,0.0
CeGaO3,0.0
Yb2Ge,0.0
BeNbRh2,0.0
NaSmTe2,1.1732
TbAl7Au3,0.0
CeS,0.0
Ba2MnBr,0.0
Zn(NiS2)4,0.0
YCuO2,2.8765
K2SO3,5.1157
Zn(NiN)2,0.0
CaSnAu2,0.0
Ba4TiCd,0.0
BeGeSe2,0.0
Ba4BeHg,0.0
MgBe2Bi,0.0
In2NiS4,0.0
Lu2ZnS4,2.3718
SmClF,0.0
LiV2(OF)3,0.0
EuCdSn,0.0
PrInCu2,0.0
RbAuO3,0.0
Na6NiO4,0.0
LiCaCoF6,1.4027
ErZnIn,0.0
AcGa3,0.0
LiAc2Ir,0.0
SmAsO4,4.0353
TbMoO4F,3.7674
Fe8N,0.0
Dy5Sn3,0.0
Y2InHg,0.0
Sr(CoP)2,0.0
KBeIn4,0.0
BaSn2Te,0.0
Ba2AlCo3O8,0.0
Na5CrO4,0.0
BeGeIr,0.0
NdCoO3,0.0
MgZn2Rh,0.0
Li2AlBO4,5.2161
PtO,0.0
Ti3In3Rh2,0.0
SmS,0.0
NaAg(CO2)2,1.6719
ZrBeMo,0.0
Tl(FeSe)2,0.0
Zn3P2,0.0
Na3PO4,4.1723
Cd2As3Br,0.8728
Be2ZnPt,0.0
Sc2V2O7,0.2327
Na2AgAs,0.8028
Lu2Ta2O5,0.0
Er5Ga3,0.0
MgAgSb,0.0
UO,0.0
Pr(SiPd)2,0.0
PmMgHg2,0.0
LiAlSi,0.231
GaAgS2,0.6086
SbHO3,1.169
WF6,0.8279
Ca5MnPb3,0.0
Pr3Cd,0.0
Li3Co3NiO8,0.3265
Na5Co2S5,0.0
SmYIr2,0.0
Ti3Ni4,0.0
ScBeRe,0.0
BaYCl5,4.1203
KBaAu2,0.0
YBe2Pt,0.0
PaGaAu2,0.0
PmInCu2,0.0
DyVO3,0.0
BaAu,0.0
UCl3,0.0
NbCoTe2,0.0
K2Li4Zr3O4,4.6816
Ba4NiBr,0.0
TbAu2,0.0
MgBePb,0.0
Ba4YGe,0.0
V5O2,0.0
PuS,0.0
Li5Mn2Co3,0.0
AgHgPd2,0.0
Sr(AsPd)2,0.0
Li2NiSnO4,0.0
K4BeP2,1.2212
NaLi2AsO4,4.1672
YbCuBi,0.0
MnBiSe2I,0.5929
Sr3CuPtO6,0.2358
CrCoPt2,0.0
Cu2Mo3Se4,0.0
Sm(NiGe)2,0.0
Li2MgBr4,4.7839
YRu2,0.0
CaBePb,0.0
LiHfRh2,0.0
BaCd2Se,0.0
Ba4LaW,0.0
MgBe2Re,0.0
Sc2TlTc,0.0
CaY2O4,3.1936
LiLu3,0.0
Na3FePCO7,0.0
NbSnRu2,0.0
LaBeO3,0.0
Ge3As4,0.0
PaZnRu2,0.0
HoCuAs2,0.0
Ba4TcOs,0.0
PdO2,0.0
Be2CuGe,0.0
ZnSi2NiO6,1.2504
Li2VCr(PH)2,0.1056
BeNbSi2,0.0
RhO2,0.0
NiGe,0.0
BeSnBi,0.0
Ba(MgGe)2,0.0
Sr3Ga3N5,1.5964
MgMoF6,0.0
DyCuS2,1.7099
Ho2ZnRu,0.0
Yb(SiOs)2,0.0
SrZr2Nb,0.0
Yb(SiAu)2,0.0
KLaS2,2.5421
BaCSNCl,4.1613
Al2Tc,0.0
V3Sn,0.0
Tm2ZnCu,0.0
NaNb3O8,2.2473
NaTeO3,0.0
KBe2P,0.0
U3TiSb5,0.0
BaNbCr2,0.0
TbCeO4,0.0
YAgSn,0.0
Al2CoO4,0.7431
YFe2,0.0
Ba2CuF6,0.0
IrN2,0.4663
HfBeRh2,0.0
SrNi2Ge,0.0
Ta5As4,0.0
TbSiRu,0.0
MgFeSiO5,0.0
Al2Ge2O7,3.5877
AlPd,0.0
LiTiCoO4,0.0
Ca4P2O,1.2688
Mn3Tl,0.0
MgCrF5,1.2247
Mg2CoO4,0.0864
CaSnO2,1.746
Eu(PRh)2,0.0
Ba4NbSe,0.0
BaCdSe,1.6001
BaZn(BiO2)4,0.611
HfInCo2,0.0
Rb3Ir,0.4142
Ba2HfCl,0.0
Sr3CaCr2S2O5,0.0
InAs,0.0
CuSe2,0.0
BeSbAs,0.0
BeRe2Cl,0.0
Tm(FeB)2,0.0
NO2,2.8827
HoSnPt,0.0
CoCl2,0.0
BaP3,0.5944
CdAgSb,0.0
TmPu3,0.0
Cr(CoO3)2,0.13699999999999998
Hf2CoTc,0.0
ZrZnF6,6.2522
Dy(Ni2As)2,0.0
Ca2AlSnO5,2.2382
Sr2Cu(BO3)2,0.5794
BaBi4(BrO3)2,0.0
RbBF4,8.3614
Sm2Ti2S2O5,0.7078
PrScGe,0.0
MgZr,0.0
CuNi3N,0.0
Dy3CuGeSe7,1.0821
Lu(AlGe)2,0.0
K3N,0.0
CoHO2,0.7883
KTi2Be,0.0
Sc2CCl2,0.8596
Tm2AgPt,0.0
CrNiAs,0.0
Sn(SeO3)2,2.8819
Dy2Sn5,0.0
Be2WSe,0.0
Hf2ZnHg,0.0
TmAlRh,0.0
Ba4SiPd,0.0
NaMnBe2,0.0
CrSnRu2,0.0
KF,7.1110000000000015
TbPt,0.0
Ba4TiIn,0.0
MgAlIr2,0.0
SrCuO2,0.0
ScB2,0.0
BeHg2Mo,0.0
K5CuAs2,0.3829
KP(HO)2,5.3245
Nb5Ga3,0.0
YbIn2Pd,0.0
In3Ge,0.0
AgBiTe2,0.0
BeVRu4,0.0
AlNi,0.0
KNa(BH4)2,6.4147
YB2,0.0
TaSe2,0.0
NaCdO2,0.0
Mg4MnBe,0.0
FeS,0.0
HfBrN,1.8649
YbNdSe3,0.0
BaNbCd,0.0
Na6MnTe4,1.4511
AlCr2C,0.0
CoPHO5,0.0
AlMo3F5,0.6044
TlBiS2,0.4887
AsIr2Ru,0.0
Sm(PRu)2,0.0
LiY2Ir,0.0
LiInAg2,0.0
Ba4InOs,0.0
Na4PbO4,1.3361
TlBrO3,3.7304
TiCdHg2,0.0
Li6CuS4,0.0
NaZnPd2,0.0
PmAlAg2,0.0
Na2Sn2O3,0.5072
Fe7(OF3)3,0.0
K2FeCo(CN)6,0.0
BaZrPb,0.0
Cd2Re2O7,0.0
ThCl4,4.0339
SrPb,0.0
V4(OF3)3,0.0
LiScPd2,0.0
NdAgHg2,0.0
CaI2,3.4465
ThAs,0.0
Li2CuSiO4,0.0
Sr3(AlGe)2,0.0
SmTa3,0.0
Li2Ti3O6,0.0
Ba2NaO,0.0
Ba4TaSe,0.0
Be2ZnGe,0.0
Mn4N,0.0
BeGaCu2,0.0
Tb(BO2)3,5.1293
Y6TeO2,2.7898
LaBe2V,0.0
PRu,0.0
MnBeIr4,0.0
Fe(IO3)3,0.0
PmBiAu2,0.0
KAu5,0.0
NaSm3SiS7,2.0743
TcAsW2,0.0
ZrCl,0.0
CuSiBr,0.0
Na3In2P3O2,3.5328
Nd2Ti2S2O5,0.7621
ZrHCl,0.0
BeIr4Pt,0.0
SrCdAu2,0.0
RbNa2Sb,0.8406
MnAsPd2,0.0
TmNiSb,0.2277
LuZrRu2,0.0
Sm3Al,0.0
DyAl,0.0
BaSrNi2,0.0
Rb2PdI6,0.0
LiMg2In,0.0
TmMg3,0.0
SbIrS,1.4138
Ti3Ge,0.0
Nb2C,0.0
Zr6Al6Co7,0.0
RbCdH2I3O,2.4689
BaPSe4,0.0
Be2ZnP,0.0
MgScIr2,0.0
BeTe,2.2019
SmZnSn,0.0
BeSeBr,0.0
Ba2LiSb,0.0
SrClF,5.9498
TaS2,0.0
Bi2Os2O7,0.0
Na2Pd3O4,0.5818
KV(SO4)2,0.2082
Mn(Sb2O)2,1.2415
Na2SrBe,0.0
Pr2CdS4,1.6516
K(NiS)2,0.0
Mn2BeNi,0.0
Li3CuO2,2.4634
Ti4Bi2O,2.1355
BeCu4W,0.0
PrTiGe,0.0
RbAlF4,7.5403
HfIN,0.9902
Ga2Fe2S5,0.0
Li3(NiO2)4,0.0
Mg3(BO3)2,5.6937
Ba2PrIrO6,0.0
TaAsRu2,0.0
CdAgAu2,0.0
Ba4LiTa3O2,3.153
CdGeO3,0.0
Zr2BeSn,0.0
NbOsPb,0.0
Ba2CuClO2,2.4154
Li2Fe3NiO8,0.0
BaH5BrO3,5.0809
TmLuZn2,0.0
Ti2AlV,0.0
Zn2CoSbO6,0.5192
VGe3,0.0
Nb2MoO8,1.4002
Li4MnSi2O7,2.0388
KLuS2,2.4247
PPbS3,2.2478
MnBe2Sn,0.0
TiVO4,0.0
SmIn2Rh,0.0
Ba4ZnBi,0.0
Ca2CeO4,2.3528
Nb(PS4)2,1.2465
MgRh,0.0
Nd(NiSn)2,0.0
Na(CuS)4,0.0
Ba4VFe,0.0
Sr(InTe2)2,0.8539
CoSO4,0.0
YbAl3,0.0
LiCuF2,1.9854
LiVP2O7,0.0
BaNbTc2,0.0
Al(CuO2)2,0.0
LaMgAg2,0.0
Hf2MnIr,0.0
Tb(PRu)2,0.0
Si3Os2,0.7977
Ba4YMn,0.0
Sc2Cu2O5,0.3279
NdAgPb,0.0
ScZnPd2,0.0
YAgHg2,0.0
KMgBe2,0.0
Cr2Te3,0.0
Tb(CoGe)2,0.0
BiN,0.2953
PrMn7O2,0.0
CrP2,0.0
LiCa2Tl,0.0
NaZnSb,0.0
Zr2TiBe,0.0
Sm(CoB)2,0.0
KAuSe2,0.8583
NbIr,0.0
CuRe2Cl,0.0
AlCrNi2,0.0
SrSO4,6.5231
BaLi2(MgGe)2,0.0
HfFeO3,0.0
NaSnS2,0.0
BePtW2,0.0
BHC4NClF4,6.5085
NaCa2Tl,0.0
NaBe2Cr,0.0
SiPt5Pb,0.0
Be2TlV,0.0
Ni(PS3)2,0.3286
BeGa2Ru,0.0
BeGeRu2,0.0
Ce3Br,0.0
BaHCl,3.5816
CeSF,0.0
BeNi4Pd,0.0
DyMg3,0.0
Mn4CrO8,0.0
K2AgAu,0.0
BeCu,0.0
AgHg2PO4,1.2515
Ca3VN3,0.7149
MnCoSi,0.0
HoSb,0.0
Be2ZnCr,0.0
Ta6Co6Si7,0.0
H3Pt,0.0
K3Ag,0.0
CeSi2Ru,0.0
K2Ag4Se3,0.0
SrBe2In,0.0
TbCd2,0.0
NpCuSe2,0.0
Mg7Al2,0.0
V2PC,0.0
NdCl2,0.0
Be2MoP,0.0
GaCo2Ni,0.0
KNaTiO3,3.5619
Li3FeO4,0.0
Hf6CoBi2,0.0
HfZrO4,3.6359
CdPdAu2,0.0
YbHgPd2,0.0
LiCo5O3F5,0.0
NdAl3,0.0
Ba4NiCl,0.0
Sr3SiO,0.3306
Sc2Sb,0.0
LiTaRh2,0.0
BeGaPd2,0.0
K2O2,2.6955
BeC2,1.89
Li2TmIn,0.0
K2Sr2O3,2.0775
Ba4PtBr,0.0
Cr3O4,0.0
V2Pb3O8,2.8999
Be2ZnSi,0.0
YbSmPd2,0.0
CaTl2O4,0.0
KHoBeF6,7.7674
KPrGeSe4,1.5207
LiMnAsO4,0.6663
Ni3OF5,0.0
BeSi2Sb,0.0
Ba3SiO,0.0
Yb2HgGe,0.0
AlSb,0.0
MgGeAs2,0.5541
BeBi4Sb,0.0
Ba4NbZn,0.0
RbTaGeS5,0.9887
SmYTl2,0.0
V3Ir,0.0
PaAgO3,0.9519
Ga3Pt2,0.0
K2Yb2O3,2.5536
LiFeCoO4,0.0
P2Pt,1.0239
Ba4TiRe,0.0
Cr3Os,0.0
CeSb,0.0
CdGe2O5,1.6555
Sc2CdIn,0.0
DyIn3Cu2,0.0
CaP2(HO)4,5.638
LaPd3,0.0
Tl3VO4,2.5643
Sm3Sb5O2,3.1707
BeCdTc,0.0
Ti2MnIr,0.0
SiSn,0.2478
Mg(GaO2)2,3.4099
CuHClO,0.0
CdSO4,3.3641
TaZnAs,0.0
Li2InSn,0.0
NaLiMnPCO7,0.6244
ScTaO4,4.0686
YBe2Sb,0.0
La2BeOs,0.0
RbSe,0.0
LiBeP,1.3472
YPaTc2,0.0
LiHF2,9.1062
CaHfBe2,0.0
NdBN2,2.2017
Te4MoW,0.9101
Ho2ZnIr,0.0
Be2TcP,0.0
HfAl2,0.0
CuF2,0.0
TiAlFeCo,0.0
Tl2ZnI4,2.7977
Li3VF6,0.0
YbMnSi,0.0
Rb2Hg2PdBr8,1.3581
Mg2BeHg,0.0
KAs,0.7616
SbClF8,3.1882
CeCd3,0.0
Li2Fe3SnO8,0.0
ZrC,0.0
ZrTiBe2,0.0
Co(CuO2)4,0.0
Li3Th,0.0
Ca2VN3,1.6976
Ag8S,0.0
Co(C2N3)2,0.8714
Ca2BeTl,0.0
NdCl3,4.3739
BeNbGa4,0.0
CaMg3,0.0
Te2Au,0.0
RbHSeO4,3.753
Ba2NF,0.3409
Pr2PbSe4,1.747
HoSnAu,0.0679
YCuO3,0.0
LiBe2Ru,0.0
BeTlSb4,0.0
BaLiSe4,0.0
CeAgSn,0.0
ScCu2As,0.0
CS4,2.2812
NaCrAs,0.0
V3Ga,0.0
AgPb2Br5,1.9074
Th2BiTe,0.0
ThZn2,0.0
KNa2P,0.0
CuNi3O4,0.0
Li2BeIn,0.0
NaSbF6,4.9183
PrGaO3,0.0
Be2TlPt,0.0
CdInPd2,0.0
K3AsSe4,1.1078
YAlGe,0.0
ScFe2,0.0
Ba2HoSbO6,3.6713
Sm2As4O9,3.3341
Pr(Fe2P)2,0.0
Ba3MnN3,0.0
YbHfIr2,0.0
ZnCu2SnS4,0.0
MgTiSiO5,2.9371
Sr5(AuO4)2,1.3524
Ba2DyNbO6,2.9227
Be2PCl,0.0
Co6O7F5,0.0
K2CoSe2,0.0
ErTlZn,0.0
Ba2AlV3O8,0.0
Pr3Si2S8I,2.611
Ca(MgBi)2,0.6343
Ba4GaGe,0.0
SiTc2W,0.0
K3Sn5Cl3,3.2699
TlCdSb,0.0
BPd3,0.0
SrO2,3.1005
Rb3(Cu4S3)2,0.0
BaCoO3,0.0
SmSe2,0.0
BaZnTe,1.6229
Na2ZrSiO5,4.2019
YGeAu,0.0
Li4Mn2Nb3Cr3O6,0.0
V2S5,0.4476
AlWO4,1.2115
Be(SiRu)2,0.0
UNiSn,0.0
Li2Ti3NbO8,0.0
BaLuFeCuO5,0.0
Li2PtPb,0.0
Co2B,0.0
NdFe3(B2O)2,0.0
TiCoO3,0.0
BeGaIr2,0.0
NbW3Se8,0.0
Tm3P,0.0
HC,3.3868
SmMgAg2,0.0
SrMoO3,0.0
Yb(Ni2As)2,0.0
VB2,0.0
U6Mn,0.0
Ti2ReIr,0.0
MnAsAu,0.0
BaGe2S5,2.0877
Ti3N,0.0
PaH3,0.0
AlAu,0.0
Yb(BiTe2)2,0.6484
BaTe,1.6051
K6Ge2O7,3.3394
BaYSe,0.0
Ba4BiOs,0.0
KAuN2,1.4757
Fe3Si,0.0
CaP,0.3717
Sm(SiPd)2,0.0
Ti2Al,0.0
SmSi2,0.0
TaBeSb,0.0
Sc2Be2Pd,0.0
Sm3Cr,0.0
Ba4YSi,0.0
YBe2Cu,0.0
BaBeCo2,0.0
NaBe2Si,0.0
LaTa2Be,0.0
Li(CoO2)2,0.0
Sc3As2,0.0
TiSe2,0.0
BePOs,0.0
Yb3Re,0.0
ZrO2,4.0052
TbBe3,0.0
BaReCl,0.0
Li(SiRh)2,0.0
TbSe,0.0
VF4,0.424
Ni3N,0.0
MnBiS2Br,0.0
Ba4FeRe,0.0
Hf2SN2,1.1489
Dy2Tc2O7,0.0
CaMnO3,0.0
Rb2TeBr6,1.9625
PrMgRh,0.0
MgCo,0.0
Li2AgF5,0.3107
Cr(AgO2)2,1.1162
BaNa2Ge,0.0
Tm3GaC,0.0
YbDyPd2,0.0
Na3VO4,3.7821
KPt2Se3,1.055
Y(CrS2)2,0.0
LaBeCu2,0.0
MgBeTe,0.0
LiPbAu2,0.0
Mn3F8,0.0
Sc2VB2Ir5,0.0
Ag3(AsO4)2,0.0
BeTcGe2,0.0
Er2PdRh,0.0
ZnCu2GeS4,0.3248
Pb2ClO2,0.0
NdAs2,0.0
RbHgF3,0.5463
YbPu3,0.0
Ni(ClO4)2,1.2479
Sr3AsN,0.4918
H6PbCNCl3,2.738
Ca5As3O2F,4.2292
BaInIr2,0.0
LiVPO5,0.18600000000000005
U2Cl5O2,0.0
AuN2,0.0
TaF3,0.0
KEu(CuTe2)2,0.0
FeTeAs,0.6103
CeZnGa,0.0
InSn2I5,1.4849
NdAl4Co,0.0
Ba4InIr,0.0
TaBe2Cd,0.0
Sn5(BIr3)2,0.0
BaIn2Pt,0.0
Fe5SnO8,0.0
Cu3SbS4,0.0
Ba(MnSn)2,0.0
CdAg3,0.0
Li2MnP2HO8,0.8207
Tl2S5,1.6126
Cr3Ga,0.0
Lu(SiRu)2,0.0
BeTlHg2,0.0
YAl3,0.0
MnNi3O4,0.0
HfSb,0.0
CaPd3O4,0.0
BaCu3O4,0.0
SrOsO3,0.0
Re3As7,0.0
BaTlRu2,0.0
Fe3PO7,0.1967
Ni3Pb,0.0
U(AlC)3,0.0
BeV2Pd,0.0
NaBe2Pb,0.0
ScNb,0.0
Ca2TlCd,0.0
LiBiF5,0.0
Be2RuPt,0.0
Li3Tl,0.0
Co3Ni,0.0
Dy2CoSi2,0.0
Dy2ZnOs,0.0
Ba4LiSe,0.0
Li2AlFeO4,1.4195
BeTl2Re,0.0
YbB2,0.0
KTiBe2,0.0
BaScTe,0.0
Pr2Au,0.0
RbFeSe2,0.0
Ho2CdS4,1.0935
Na4WO4,2.2853
Nb3Cl8,0.0
PS,1.929
Ni6OF,0.15
Na5Mn7O6,0.0
Pm2CuRu,0.0
Li2CaMg,0.0
NdDy3,0.0
Nb3AlC2,0.0
BeSiSb2,0.0
CaCO3,5.8831
Yb2AlGe3,0.0
VZnRh2,0.0
Na3ZnPCO7,4.1267
TbSmIr2,0.0
Hf23Se25,0.0
Rb2VAgSe4,1.092
MgH2,0.0
SiBPb,0.0
MnP,0.0
Ba4ZrRu,0.0
BeSeBr,0.0
Mn2BeSb,0.0
Sr(FeP)2,0.0
CaNi,0.0
TiAlO3,0.0
TlAsS2,1.5813
BaHgBr,0.0
Ba4ScFe,0.0
NaErPO4F,5.8831
Dy(HO)3,3.7949
Sr2Li2Nb4O3,1.4699
Ba4BeBr,0.0
K3NaP2(O3F)2,4.9231
Na3Cr,0.0
Na2Ca2Ta3,0.0
PuBrO,0.0
Np(GeRh)2,0.0
BaGaSb2,0.0
Be2NbBi,0.0
KNb(CuSe2)2,1.4072
Pr3Al,0.0
Ca(FeS2)4,0.0
Eu2PBr,0.0
HoAl2Ni,0.0
HfScRu2,0.0
Pm2CdSi,0.0
YBeCu4,0.0
ThAu,0.0
LiFe2OF5,0.0
ZnCdS2,1.3734
Ca(YS2)2,1.5412
CaAl2SiO6,5.0072
RbCu4S3,0.0
YbZnAu2,0.0
SmHoHg2,0.0
Sr3Sc2Cu2S2O5,1.9729
LiMnBe,0.0
ScAg2Hg,0.0
Ba3Si6(NO)2,4.8
Li2CuO2,0.0
Ba4ScBe,0.0
Li2InAg,0.0
TiNb3O6,0.5227
BeFe4Ir,0.0
Te4Mo3WSe4,0.3661
CeAl2,0.0
Mn5SnO2,0.8788
Ba3Sb2,0.0
CeReB4,0.0
U2F9,0.0
ScPd,0.0
Ba4GaSn,0.0
PrCd,0.0
NpSb3,0.0
HoTe,0.0
Pm2O3,4.0149
SmCd2,0.0
SrGeO3,3.4246
ReTe3Br5,1.2235
Mn3GaC,0.0
PuGa,0.0
K(RuO2)4,0.0
NdInAu2,0.0
BeCuPb2,0.0
PrNdZn2,0.0
Be2NbHg,0.0
Ba4BiP,0.0
Li2MnO2,1.1303
Yb5Sb3,0.0
Ag5P(S2Cl)2,1.3501
BeTcP,0.0
K3WF6,0.0
HoTlTe2,0.6852
Sm2CdS4,1.764
Ba4TiTc,0.0
BrClO,1.1595
La2ZnAg,0.0
Sm3Sc,0.0
BaAlFeCuO5,0.0
Na3SiSnBO7,3.0478
Ba2ZrTe,0.0
Fe3Se4,0.0
Li3Fe5(CoO)2,0.0
NaAcAu2,0.0
Sr(PrS2)2,2.1232
Zr5SiSb3,0.0
Mn(InTe2)2,0.0
NiCO3,0.8638
BaSrTe,0.0
K3Na(RuO4)2,0.4768
BeZn2Tc,0.0
NdInRh,0.0
NaBeFe4,0.0
TaBe2Tc,0.0
Li2TiTeO6,2.3404
LiPmZn2,0.0
EuSe,0.0
Cu3Se2,0.0
CeTlZn,0.0
AlAg2,0.0
LiCuF4,0.8989
Na3AlF6,6.257999999999999
Li2MnSiO4,2.1991
Ca3Si3(AgO)2,0.0
ErGa5Co,0.0
TmTlO2,1.4433
Hf2Al3C4,0.0
Zr5Sb3,0.0
MnSe2,0.0
BeRh2Cl,0.0
CsK2Bi,0.6198
Li2Ti(BO3)2,2.9312
Ti3As,0.0
NdCuSb2,0.0
MnAg2GeTe4,0.0
MnH2SeO5,0.777
BeFe2Te,0.0
TiBeCl2,0.0
Be2NbBi,0.0
LiErSe2,1.6655
AlV2C,0.0
P2WO8,2.0248
Ce(CoAs)2,0.0
Rb2NiF4,0.0
LiCuF3,0.4075
K2OsCl6,0.0
Er2Pd2Pb,0.0
Cr3Se4,0.0
BaGaBr2,0.0
LiTm2In,0.0
Tb2InPd2,0.0
BeSb2P,0.0
LiCdSb,0.0
PuGe2,0.0
TlCu3S2,0.5151
Ti2AlO4,0.0
Sr3MgIrO6,0.0
K2Se3,0.69
CeNiAs,0.0
Na6MnO4,0.0
MgMnF6,2.2385
YIO,2.2423
KTiPS5,1.1736
TiBe2Pd,0.0
Al2Ru,0.0
LiMn2F5,1.9235
Ba2NiMoO6,0.6852
Na2BH4ClO4,4.9562
Na3Be,0.0
Ba4SeCl,0.0
BaB6,0.0352
Ga4GeO8,2.2351
Sm3InS6,0.9985
CrCuS2,0.3701
NdBi2ClO4,1.2039
La3Te4,0.0
BaNaSr2,0.0
Nb2CrAs,0.0
Te2Mo2WSe4,0.4717
DyMnB4,0.0
ErGa,0.0
PdF2,0.0
SrMg5,0.0
Be2PtCl,0.0
LuBi2BrO4,1.5669
ErInAg2,0.0
Sc(CoSi)2,0.0
RbAuC2,2.1999
Na3DyCl6,5.3593
Li3Mn2(PO)4,0.2016
CoAs,0.0
K(SbSe2)2,1.0914
Zn(SbO2)2,1.3171
Ba4TeRu,0.0
Li3Mn2Cr2O8,0.0
U2(Al3Co)3,0.0
Cr2CdH4(NO2)4,2.5596
LiPd2Pb,0.0
BeCr2Co,0.0
Np3Sn,0.0
BaTi2As2O,0.0
LuGa3,0.0
ZrBeCo2,0.0
AgSnRh2,0.0
Lu3Al,0.0
Er4(Ga2Co)3,0.0
CaBe2Tc,0.0
CeDy3,0.0
PuIn,0.0
Zn3(InS3)2,0.0
Mo2WSe6,1.0565
Hg3Au,0.0
Be2NbCo,0.4909
K2PAu,0.9557
BeF2,7.0404
Sr2CdAs2,0.597
CeAgSb2,0.0
UFe3B2,0.0
Ba2BiP,0.0
LiAlCu2,0.0
BaCoGe2,0.0
Li3Fe3(OF)4,0.0
NaAlSiO4,4.6182
FeCu2SiSe4,0.0
Ho3InC,0.0
TmMgZn2,0.0
MgSbF6,0.0
LiTmIn2,0.0
MgP4,0.5946
V2CuBr,0.0
GeAsP,0.0
Tm2MgIn,0.0
Be2CoNi,0.0
PdSO4,1.1251
LiAsSe2,0.6471
Fe(PO3)3,0.9918
ScGa2Ni,0.0
CrInCu2,0.0
TbSi2Ni,0.0
Au2Se2O7,1.2669
K2Mg2Si2O7,5.4766
V2NiSb,0.0
ReH8(NCl3)2,0.8514
Ti2InC,0.0
HoLuTl2,0.0
Ce2Nd2O7,2.2528
TlPS3,1.6498
ThAsS,0.0
Yb2InHg,0.0
Ti2CoSi,0.0
AgPF6,3.0471
Ag2BiO3,0.0
LiBiF4,5.0213
CdP2,1.4191
Pr2UTe4,0.0
TbPt2,0.0
BaLi2(MgSi)2,0.0
Ce(AgGe)2,0.0
Ba2YCu,0.0
Sb2TeSe2,0.2957
KNaMg2Si4F2,5.5328
K3Rb,0.0
Ca(AsO3)2,3.479
Pr(NiP)2,0.0
CaCoF6,0.0
NaMg2Cd,0.0
MnHg,0.0
CeCdNi4,0.0
Eu(HO)3,3.7728
GaFe2Co,0.0
Ti2VTc,0.0
AcI3,2.0413
CoAsS,0.0
BeZnCo,0.0
NaVF4,0.0
CeB4,0.0
MgNi(GeO3)2,1.2464
Tl(MoSe)3,0.1605
TaNO,2.0082
CS3N4,1.6085
TbInCu2,0.0
BeBi4Ru,0.0
ErAl7Au3,0.0
Be2VGa,0.0
MoO2,0.0
MnGaIr2,0.0
TeMo6S,0.7222
Na2Cu3(Ge2O)2,0.4407
Zr3(Cu2Ge)2,0.0
U2TeO2,0.0
Li6CrO6,0.5775
UAsS,0.0
HoAu3,0.0
Li7SbO6,3.6767
ZrBTe,0.0
Sr3P4,0.8598
Cu4O3,0.0
ZrNCl,1.4185
Ba4GaFe,0.0
BeGaPt2,0.0
Nd3MnBi5,0.0
Tb4Ga2Pd,0.0
HgF2,1.3771
NiBiO3,0.0
SrBeTc2,0.0
MnBeGa,0.0
SrPd5,0.0
ZnGaPd2,0.0
Tm2SO2,3.2076
Sc6Te2Rh,0.0
Ca2BeFe,0.0
K2SiAs2,1.092
NaI(OF)2,4.1287
AlTlCl4,4.7799
MgSnF4,3.6958
NaTbO2,4.3361
YbMgIn2,0.0
LaCN2Cl,3.4721
ScSbRh2,0.0
Tl2Te3O7,2.8366
DyH2,0.0
LiRhF6,0.0
MgBeP,0.0
AgP2,0.672
BaGe,0.0
ScBe2Cl,0.0
Mn3(P3Pd10)2,0.0
YVO3,0.0
Bi4Te7Pb,0.4234
Nb4VO2,0.336
Nd2NiIr,0.0
Ce(SiPt)2,0.0
Ba4OsSe,0.0
Mg2BiPO6,3.6689
MnTc2Mo,0.0
K2BePd,0.0
Zn2Sb2O5,2.0257
ScCdAu2,0.0
Hf2IrOs,0.0
Ba4HfHg,0.0
CaBeHg2,0.0
ScRh3C,0.0
V3Pt,0.0
Ce(MnSi)2,0.0
Rb2UO4,2.0273
SmDyO3,4.7285
PdF4,0.7683
Ba4Na(BN2)3,2.19
Cu(RhS2)2,0.0
Be2PtPb,0.0
Ba2MnPb,0.0
NiB4O7,0.3684
KTiPCO7,2.8492
ScGeAu,0.3436
Be2BO3F,6.2946
RbGeBr3,1.8152
HoSi,0.0
Te2MoWSeS,0.1309
Sn7S2,1.9182
AlTlF4,4.5858
SrCaIn2,0.0
Li2PrGe,0.0
YTmHg2,0.0
Na2IrO3,0.0
KTi2F7,0.0
CaZrGeO5,3.7886
Dy6FeSb2,0.0
Ca(CeS2)2,0.0
ZrHg,0.0
Ba2NdSbO6,4.0225
Ba4VTc,0.0
LaAgSO,1.4231
Tl3Ir,0.0
TiAlAu2,0.0
Ta2InCuTe4,0.0
CrAsRh,0.0
K3NaFeCl6,0.0
PrBPt3,0.0
Ca5Sc2(CoO)2,0.0
GaBN2,3.3527
SmMg3,0.0
ZrBe2Hg,0.0
Cu6PbO8,0.0
Ta3Sn,0.0
Sn2IF3,2.5441
PrTlPd,0.0
BePdPb4,0.0
KCrS2,1.1517
Rb5Au3O2,0.982
Ba3YbRu2O9,0.1165
Rb(CO)2,2.76
ReSbO6,1.7267
BaTi4Br,0.0
ZrCoAs,0.0
NbCuTe2,0.0
PrSnPt,0.0
Mg3Bi,0.0
Li2InPt,0.0
ZnNiF4,0.6947
BiTeO4,2.3627
Mn2FeO6,0.0
Ba4ZrBe,0.0
BiSBr,1.9451
Li2Ni3WO8,0.0
CeMg2Cu,0.0
YbPd2,0.0
Mn2BePt,0.0
LiSmGe,0.0
CeMg2,0.0
NaBe2Si,0.0
HgOsPb2,0.0
KBeGa2,0.0
Be2CuSe,0.0
Ni3Mo,0.0
Li3(CuO2)2,0.0
Ba2YRuO6,0.0
Ba4RuSe,0.0
Zr3As2,0.0
Ce(BC)2,0.0
La2MgNi2,0.0
Nb2O5,1.8405
HfAlIr2,0.0
AuI,1.4041
ZrBe2Sb,0.0
KBe2Pb,0.0
BeSi2Bi,0.0
MgSc2Os,0.0
SmErMg2,0.0
HfVGe,0.0
Zn3Co,0.0
BiF5,0.0
Mg4BeTl,0.0
TeO2,2.1846
U(PS3)2,0.0
Mg(ScSe2)2,1.1377
Ti2Sn,0.0
BeNbBr2,0.0
SmFeC2,0.0
SrMgSi,0.1344
Ba4LiTc,0.0
Si3(Bi2O)2,4.1292
YSi2,0.0
LiAsS2,0.9263
Sb3Au,0.0
CeB2Pt2C,0.0
Tm3InN,0.0
Li4TiMn3(P2O3)2,0.0
MgAu,0.0
U3Cu,0.4008
Ba2Si5N8,2.8428
BaPaO3,0.0
LuSbRu2,0.0
TaI4,0.4446
H4CSN2,2.8927
LiHg3,0.0
BaMn2In,0.0
KBe2Rh,0.0
Ac2CuSn,0.0
KIn(GeO3)2,2.4712
CuP2,0.9407
ThAs,0.0
Li4V3Fe5O6,0.0
MnAlF5,2.3793
TmPO4,6.3518
Sr3Li,0.0
NaCuTe,0.7544
Ba4SrRh,0.0
Ge3N2,0.2999
CrWO6,0.0
KBiO3,0.0
TiNi2Sb,0.0
Ag3AsS4,0.2873
Cd2H2SO6,2.8891
Be2NbRe,0.0
Hg2Pt,0.0
Sr6Sn2NF,0.0
TiBe2Tc,0.0
ErSnAu,0.0
CuI4,0.0
TaBe2Rh,0.0
NaLiBe2,0.0
K9U6BiO24,1.7344
TaMnBe2,0.0
BiS2,0.0
CdIBr,2.0554
LuHCl,0.0
CaCr(GeO3)2,0.0
MnSbIr,0.0
K2Hg3(GeS4)2,1.2652
PPbSe3,1.6522
TlPAuSe3,0.8734
SrCaHg2,0.0
ZrBePb4,0.0
Na2BeMo,0.0
Be2GaFe,0.0
Ba4TcTe,0.0
Mn4BeSb,0.0
LuCd2,0.0
CoAs3,0.0
KBaMo,0.0
Nd(AgGe)2,0.0
Sr2UNiO6,0.955
Rb2Mn(PS3)2,1.0149
MgBeP2,0.0
BAsO4,4.4604
ErAg2,0.0
V2FeSe4,0.0
Eu2O3,4.0715
Li2CrFeO4,0.0
Li4TiCrO6,0.0
Y2Hf2O7,3.4512
LaAl2BRu2,0.0
MnBe2In,0.0
Ca4SmB3,4.6553
Sc2AgRu,0.0
CaCo2(Si2O)2,0.6656
Ba3NbFe3(SiO2)2,0.7676
K3NbO8,2.6472
MgBiAsO6,0.3277
U2Co2Sn,0.0
K2B2Se7,1.633
LaHoRu2,0.0
U8FeS7,0.0
Dy(GeRu)2,0.0
Dy3Co,0.0
BiTeCl,1.2169
BaSiO3,3.5403
Sr2UO4,0.0
Ca2Sn2O5,1.1397
BaH4O3,4.4449
HfInPd2,0.0
Nb(SCl)2,1.4572
Be2CrIn,0.0
B6P,2.5527
DySi2Ni,0.0
V2O2F3,0.0
K3Sc,0.0
H4NCl,5.2881
Ba4ReSn,0.0
HfSi2Br,0.0
Ba3NaIr2O9,0.0
CoAsPt2,0.0
YSb,0.0
K2PtS2,1.3242
Li2HgPt,0.0
YbAlO3,0.0
FeNi3(P2O3)2,0.0
V3Zn2O8,0.0
SrGa4,0.0
Ba4PPb,0.0
Li5CrCl8,1.8477
Li2NiBO4,0.0
H5NF2,7.1885
TaBe2Rh,0.5738
DyZnRh2,0.0
DyMoClO4,2.5615
Zr2OsPd,0.0
Li3Co2O2F3,0.0
MgSiO3,5.2622
PuNiC2,0.0
CaMnBe2,0.0
Mg(CrSe2)2,0.7546
BeTe2Ru,0.0
BeCdRe2,0.0
Sr(CdAs)2,0.1817
Tm(AlC)3,0.1677
TaAlO4,4.0969
SnP7Au3,0.0
DyBi,0.0
Ca(AsO3)2,3.4794
KErS2,2.3625
Zn(CO2)2,3.2696
Pr2CdSe4,0.9999
NaSrAu2,0.0
Tm3(GePd)4,0.0
Li4MnCo3O8,0.0
Ti(FeGe)6,0.0
Mg2GeB2Rh5,0.0
PmCdAu2,0.0
TbGa3,0.0
TiS3,0.3055
Ba2NaFe,0.0
Co2N,0.0
Na3CrBAsO7,1.2262
Be2TcHg,0.0
PuSn3,0.0
Mg2P2O7,5.8143
Nb3Te4,0.0
KBr,4.3437
LaAu3,0.0
BeNiBr,0.0
CeNi2B2C,0.0
PrIO,3.6859
ErMgHg2,0.0
ZrBe2Rh,0.0
Zn2Cr3O8,0.0
TmZrOs2,0.0
SrS3,1.0649
Lu5SbPd2,0.0
Rb3InS3,2.2965
HoCdAu2,0.0
PrAgAs2,0.0
Be2NiPd,0.0
Tm2InOs,0.0
CuAsW2,0.0
Ga2FeS4,0.0
ZnSe,1.5392
BaTeSe,0.0
TaTe2,0.0
TmHfIr2,0.0
BeSbCl,0.0
Mg2Tl,0.0
Dy2Pb2O7,1.0325
W3(SeS2)2,0.6922
Ba4OsW,0.0
BeGaRe2,0.0
TaBe2Se,0.0
Ba3Ti3(BO)2,2.1716
Sr3Fe2Cl2O5,0.0
Pb2S(O2F)2,4.0345
NpSnIr,0.0
LiYSe2,1.6253
Zn3As2(HO)6,2.6697
ZrBeSn,0.0
BeSi2Ni,0.0
PrCrO3,0.0
NdSb,0.0
Ti3Si,0.0
BaCdSn,0.0
Li3Y(NiO3)2,0.0
Nb2Te3,0.0
Sr2CdHg,0.0
Ba5Hf4S3,0.6729
ScBeV2,0.0
Ga2CoRu,0.0
Ge2Te5As2,0.3633
TiGa3,0.0
Li5CuF6,1.9195
ZrAsP,0.0
K2BeSe,1.1952
Sc2AlC,0.0
PrSnRu,0.0
Tb2Au,0.0
LiPN2,4.0188
ErMg,0.0
BeCrNi,0.0
CaBePb2,0.0
Na3PSO3,4.1930000000000005
SiSb3,0.0
MgBeGa,0.0
Na2WO4,1.821
YbPbAu2,0.0
Rb3Ge4Au,0.8554
IrF6,0.6548
Cd2Bi6O,1.0593
H5CNO2,4.753
YNi3Se2ClO8,0.2115
LiMnPH2O5,1.9076
Ho2Al,0.0
Lu2IrPd,0.0
Cd3(ClO)2,1.3122
NiHg,0.0
Zr2BeP,0.0
Be2RhCl,0.0
HfBeBi4,0.0
LiBi3(IO2)2,1.9386
ErInCu,0.0
UP,0.0
LiVSiO4,1.0939
TaInS2,0.0
Li2MnCo3O8,0.0
TmI2,0.0
Ti5CuSb2,0.0
ScBeSe,0.0
TaAs,0.0
Sm2ZnAg,0.0
Sr2InI5,2.8274
Zn2Si3Pb4SO5,3.6258
Ho2HgO4,2.1986
Sm2CuO4,0.0
KFe(MoO4)2,0.0
Cu2SnSe3,0.0
Li2MnBe,0.0
YFe2Bi2(SeO2)2,0.0
Zr3Ag,0.0
LuPb2,0.0
LuB4,0.0
CeCoGe,0.0
Sm2ZnRu,0.0
HfBe2Bi,0.0
UOF4,2.5513
Ta2NbIr,0.0
Ba4SiOs,0.0
TiMn2Ga,0.0
Be2RhAu,0.0
BaTe3,0.7548
Ho2Si3Rh,0.0
Be2CrTc,0.0
Mg(CoGe)6,0.0
Ba4LaZr,0.0
LaCoAs,0.0
Te2W3Se4,0.6038
YbSm3,0.0
Li4Ni3(OF3)2,0.3731
Sr2BBrN2,2.5980000000000003
Li2GaHg,0.0
K4BaU3O2,2.1263
MgTi(SiO3)2,0.0
HoSi2Rh3,0.0
Mg2Nb2FeO8,0.0
HoP,0.0
Mg2AgSbO6,0.3855
NbPt2,0.0
RbCrO2,0.0
Er3GaS6,2.0664
NaHCO3,5.6455
ZrBe2Sn,0.0
Al2S3O2,6.608
BaSi2P,0.0
Tl2O,0.6213
K2CuBr3,2.1751
BaZnTe2,0.0
Na2BeP,0.0
BaMnSb,0.0
Li(MnS2)2,0.0
SmCo2,0.0
Ba2VTe,0.0
RbTcO4,3.4805
InBiO3,2.5743
Mg2H6Ru,3.1277
AlNi2,0.0
YbH2ClO2,0.0
Ba2YbReO6,0.0
BaZr2Tc,0.0
AlTlO3,0.8361
Ba4PtW,0.0
V2NiSe4,0.0
LiY2In,0.0
KHSeO3,4.3247
BeCrCu,0.0
IrO2,0.0
Y2AlZn,0.0
NbGaRu2,0.0
Li3Ti(NiO3)2,0.0
RbNiF3,0.6558
OsC4(ClO2)2,2.3372
KNiIO6,1.1893
ErHg3,0.0
MnCo,0.0
KHg2S(ClO)3,2.6552
BeTeP4,0.0
Zr6Al6Rh7,0.0
Pr3PbC,0.0
BeZn2Ge,0.0
NaSb(PS3)2,2.0196
KBe2Fe,0.0
Ga(MoSe2)4,0.9683
Ti4P3,0.0
LiBeSi2,0.0
Be2SeCl,0.0
Be2CdW,0.0
BeGe2W,0.0
HfInAu2,0.0
FeAg2SnS4,0.0
Ba2YF7,7.2248
SmYAl2,0.0
Te4Rh3,0.0
RbAgO,0.0
VFeCoGe,0.0
ZnTeMoO6,2.9854
Li2PmSi,0.0
Ba4VBr,0.0
Sr2B2O5,4.6025
BaZrNi,0.0
PrMgPt,0.0
Tm(Mg3Al)2,0.0
Bi2Se3,0.9855
MnVOs2,0.0
CaGe2O5,2.5961
RbBaSiHO4,4.1071
Ca3PCl3,1.7013
SrAc3,0.0
Ga3Au,0.0
KBaMn2,0.0
DyPaRu2,0.0
TiBeV2,0.0
AlCr2O4,0.0
LiZrRh2,0.0
Be2Re,0.0
Ba4ScTa,0.0
Y4SiS3,0.0
YSi,0.0
NbTeCl9,1.9892
Ag2PdAu,0.0
BeCu2Ni,0.0
KNaSO4,5.6429
MgCr2O4,0.7015
Rb4CdCl6,3.9782
PrInAu2,0.0
BeRePb4,0.0
MnAsRh,0.0
HfCo2Sn,0.0
BaCdW2,0.0
BPO4,7.6182
ErBiO3,2.5549
ZrGaAu,0.0
Pd7Se4,0.0
V3Mo,0.0
MgGeRh2,0.0
Ba2Cd,0.0
K4SnO4,2.4945
Sc2SiB2Ir5,0.0
AcMgHg2,0.0
Sr2CuC(NO)2,0.0
Pb2O,0.0
Rb3TaO8,3.2597
Na2MgCl4,5.1683
MgBe2Os,0.0
Tm2InPd2,0.0
SiRh3,0.0
DyAs,0.0
ScBe2Hg,0.0
Ba2CrTe,0.0
Sc2BeCo,0.0
Sb8Cl2O,2.2135
Ca3AsP,0.3582
CaCu3(Sn2O)2,0.7268
Rb2Mn3Se4,0.0
Ba2ZnAg,0.0
Tb2SnS5,0.0
VS4,0.9136
Ba2ZrBi,0.0
MnBe2Co,0.0
HgSe,0.8031
KNaMnO2,0.0
LiTiBe,0.0
KS,0.0
HoI3,1.7376
KBe2Tc,0.0
CdPOs2,0.0
KAuS5,1.7854
BeBiSe,0.0
ScBi3,0.0
NiBi,0.0
Sr2HfBe,0.0
CaBe2Re,0.0
Mn2VGa,0.0
Be2ReIr,0.0
SrSO4,4.0244
PdI2,0.6502
DyAl2,0.0
LiRuO2,0.0
MoH4O5,1.0155
CaBeMo2,0.0
GeSe2,1.236
Ti3Tl,0.0
CuMo2As,0.0
Na2CrCl4,0.6158
Li4SeO5,2.659
CoSe2,0.0
Na3NO2,0.0
CS2NF5,2.9627
Be2CdGe,0.0
Sr3PbO,0.0
MgCr2O4,0.8873
CdCuF4,0.9184
BaHf2Cl,0.0
Er(TiGa2)2,0.0
Tm2Pd2Pb,0.0
BaSr2Tl,0.0
DyAl3,0.0
Ti2MnBe,0.0
Y(BIr)2,0.0
Fe4O7F,0.0
Er2Mn2O7,1.1958
Ti2CoGe,0.0
OsC2,0.0
DyTmMg2,0.0
MnFeCoGe,0.0
DyCuSi,0.0
Y(CoO2)2,0.0
Li3MnSi2O7,1.2835
LiTl2GaF6,4.6037
MgSc2In,0.0
Be2TlPd,0.0
VNi2,0.0
Zn(CrS2)4,0.0
SrZrO3,3.7353
Na6MnS4,1.5268
SiAsRh2,0.0
Al6Ru,0.0
La2InCu2,0.0
Ca(Al2Cu)4,0.0
Be2PdPt,0.0
HfNbO4,0.0
BeCo4Sb,0.0
FeSn2(CN)6,3.4728
YbThRh2,0.0
BeReNi,0.0
Ge2Pt3,0.0
YbS2,1.3205
RbUAgS3,0.0
Ca2Co2P7,0.0
Tb2Re2Si2C,0.0
PrGa2,0.0
Ho6MnBi2,0.0
Be2FePb,0.0
Ba4MoW,0.0
Ba4YBe,0.0
XeF3,2.3609999999999998
TmPaTc2,0.0
LiNiCO4,0.3724
Li3Sb,0.9191
Lu2S3,2.6097
Li4Mn3Sn5O6,0.0
KYBe2,0.0
TaFeO4,0.0
NdSn3,0.0
ZnOsO3,0.0
BeNbPb,0.0
Mg2AlB2Ir5,0.0
MnI2,1.0473
MnSnPt,0.0
Ce(SiOs)2,0.0
Li3MnO2F,1.1811
BeCrIr2,0.0
LuTaO4,4.1194
ErCuSe2,1.2326
Ti3SiC2,0.0
Cu2S,0.0
Sm3TaO7,3.3872
YBeSb,0.0
Ba4CdPd,0.0
Y4Ga2Pt,0.0
LuGaCu2,0.0
NaMnBe,0.0
VP,0.0
K2NaAlF6,7.4899
Na4BeSn,0.0
BeFeNi,0.0
UBr5,0.3136
BaCaSc,0.0
SrAcHg2,0.0
BeZn2In,0.0
Ca(BIr)2,0.0
Nd3Si2S8I,2.5837
GaTe,0.1633
MgSi,0.0
Th3Al2,0.0
HgC2(SN)2,2.0918
CaBPO5,5.6965
V3S4,0.0
K2Th(CuS2)2,1.0665
SrBe2Ni,0.0
PrEr3,0.0
Li3CuS2,2.6194
Ba2CaReO6,0.0
Lu(CrSi)2,0.0
BaTlHg2,0.0
TiFe2Sn,0.0
TbScGe,0.0
MnGaPt,0.0
V6Ga5,0.0
Ca(Ti4S3)2,0.0
Ho3P,0.0
Be2ZnMo,0.0
NpN,0.0
BeCoBr,0.0
Te2Rh3,0.0
TmCdAg2,0.0
SrGaSiH,0.5721
Ca2AgSn,0.0
Al2Au,0.0
AlSeBr7,2.1346
U2Si4W3,0.0
MgNiH2,0.0
Ta2BeCu,0.0
Li2TiCo2O5,0.0
NpTe,0.0
TiTeAs,0.0
Li4Mn5O9F,0.5254
LiAsO3,3.5568
Sr4Nb2O9,3.6822
Tm2CuAu,0.0
BeNbSn2,0.0
Rb2Sb4O,1.9693
LiAsRh2,0.0
AcH2,0.0
NaAsOs2,0.0
BaCaTa2,0.0
LiCd,0.0
ZnPbF6,1.8943
Lu(SiOs)2,0.0
Na6ZnSe4,1.7552
HfBePt,0.0
Ca3Co2O7,0.0
Ba4ZrTa,0.0
MnCdO2,0.0
Hg3Pd,0.0
Pr(AsPd)2,0.0
TiPt3,0.0
YbPaRh2,0.0
K3Ir,0.0
TmSi3,0.0
Ba4TiFe,0.0
RuO4,2.3488
Yb4Sb3,0.0
Ba4YTi,0.0
MgFe2O5,0.0
TbTe,0.0
ScBeCd2,0.0
HfBePb2,0.0
Y6FeSb2,0.0
AuSeClO3,1.3454
BeIrBr4,0.0
Ba4HfSe,0.0
LaAsPd,0.0
Co2As,0.0
Ba4HfW,0.0
BeTeBr4,0.0
AsSeI,1.2023
CoSn2,0.0
NdAl3(PbO4)2,3.0333
HfBeSe2,0.0
BeInCo4,0.0
PrTl,0.0
Co3Mo,0.0
Ba2Mn3(SbO)2,0.0
LaMgZn2,0.0
Hf2MoRh,0.0
Na2DyPCO7,4.6452
Sr2LiSiO4F,5.3136
AgWS4N,0.0
PmTlRh2,0.0
AgN,0.0
ZrSb,0.0
PuB4,0.0
CoO,0.0
Sr2ZrBe,0.0
YNi2,0.0
Li5Mn5(NiO)2,0.0
TaIn3O7,1.2226
ZrBeV,0.0
Ba4VSe,0.0
NaBe2Co,0.0
Dy2InPd2,0.0
Er2CdS4,1.1282
Ca2YSnO5,2.543
KScF4,6.0677
MnBe2Cd,0.0
ZrS2,0.9109
Na2Te4MoO2,2.4808
Li2SnTeO6,2.2211
As2O5,1.5607
Mn3RhN,0.0
SrMoO4,3.7036
Sr3CaIrO6,0.0
Li4Fe2Cu3,0.0
Ba4TePb,0.0
KFeP,0.0
NaSr2In,0.0
HoBO3,4.714
Sc(VGa2)2,0.0
P2Pb3O8,3.5416
Ba4GeSb,0.0
BeCrCd,0.0
Np3Se4,0.0
BeHgSe,0.0
Lu2ZnPt,0.0
MgFeRh2,0.0
CdAg,0.0
LiTiVO4,0.0
VBiO4,2.7269
PrSe,0.0
Cr(InS2)2,0.0
BaCaGe,0.1825
MgMo2As,0.0
Pm2ZnHg,0.0
K4BeNb,0.0
LaPt3C,0.0
KMg(PO3)3,5.2495
Na3FeO3,0.6764
Pu2Ni2Sn,0.0
YTiO3,0.0
Pt(SCl4)2,1.7998
Cr2CdSe4,0.3588
HfFe2,0.0
PmInAg2,0.0
GaRu,0.0
KSc2Be,0.0
Tb4(FeB2)3,0.0
K5CuAs2,0.3827
NbCl2O,0.8158
Ta2H,0.0
MoCl4,0.0
CaTi4Cu3O2,0.0
Ca6Ge2O,0.3019
BePd2W,0.0
Li2CuSn,0.0
Sc2BeCl,0.0
Sr2BeSi,0.0
KFeF4,0.2028
Ca2Mn(PH2)2,2.3268
Ti2InCo,0.0
HoTlPd,0.0
Na2TiO3,3.2351
KFeBr3,0.0
Yb3Ge5,0.0
BeTc2Pt,0.0
TbGa5Co,0.0
B2SbAs,0.0
Li4Mn3Fe2,0.0
Cr2PO5,0.0
Sr2CrSO3,0.0
CeGa,0.0
Cd(InSe2)2,0.8508
RbYbF3,6.9391
CeFeAsO,0.0
Zr(MoO4)2,3.1716
SiAgPt5,0.0
PaAu3,0.0
SrO,3.4049
TiSiTc2,0.0
CoSb,0.0
RbCa3,0.0
Na4UO5,2.2397
RbDyO3,0.0
Be2HgBi,0.0
NpS,0.0
Th2Au,0.0
AgAsO2,2.3304
Ca(NdS2)2,2.079
BaLaTi4,0.0
V2NiTe2,0.6562
Ba(InTe2)2,0.9044
CaSi2WO6,0.8163
LiBe2Co,0.0
BaTaBi,0.0
MgTlRh2,0.0
Li2Cr(SiO3)2,0.5155
V2CuO6,0.0
WCl3,0.0
Li2GePbS4,2.3283
DyBi2BrO4,1.461
Mg2C3,1.7412
Er3As,0.0
Ca4H2Rh3,0.0
Y2GaHg,0.0
NdErTl2,0.0
Li3AlH6,3.9276
Zr(SO4)2,3.8126
HoAl2,0.0
Si3Bi2O9,3.4874
SrNiSn3,0.0
BaMgMn4O8,0.0
AuCl3,1.1177
Y4C5,0.0
LuN,0.3506
HfMnSi,0.0
Li7Co5O2,0.0
MnSb3(P2O3)2,0.1598
BaSrNb,0.0
AcAu3,0.0
BeCdBi,0.0
TaBeGa,0.0
Ti2ZnTc,0.0
CrHgF6,0.0
AlRh,0.0
Ba2ZrHg,0.0
GaTc2W,0.0
LiPm2Ga,0.0
K3PO4,4.324
TmAl2,0.0
ScGaRh2,0.0
ErPaRu2,0.0
Ba4YPd,0.0
Be2NbGe,0.0
NdSnAu2,0.0
Th(SiPd)2,0.0
Ti2NiMo,0.0
TbMn2,0.0
NaMnSb,0.0
KBeOs2,0.0
Cr3AuO8,0.1905
DyIr3,0.0
LiSc2Rh,0.0
NdNiSn,0.0
Ba4HgRh,0.0
Ta2CrNO5,0.0
Sr2Co(BrO)2,0.0
BaMnGe2,0.0
CaBeNb,0.0
Li3VF7,0.0
Pm2CdGe,0.0
NdSBr,2.5729
Hf2ZnOs,0.0
Dy3CoB4,0.0
Rb2NaYF6,6.9937
BaSn(GeO3)3,2.8735
NpPt,0.0
Ce(MnAl2)4,0.0
NdRh3,0.0
CaErRh2,0.0
BeFe2Cu,0.0
UHg2,0.0
LaFe5H2,0.0
DyFeC2,0.0
Y2Fe2Si2C,0.0
TbGeAu,0.0
Ca3(AlN2)2,2.5424
BaNd2CoO5,0.0
MgMnO3,0.0
CrClO,0.496
K2TeSe3,1.6153
Li8FeO6,0.605
Tm2ZnHg,0.0
Y(MnS2)2,0.0
K2UO4,2.1116
NiSbS,0.0
Li4Co(PO4)2,0.3762
SnOs2Ru,0.0
TiBeGe2,0.0
LuAlSi,0.0
Ho4NiB4,0.0
Hf2FeIr,0.0
Li2ZrO3,4.0349
LiBe2Re,0.0
CdPbF6,2.291
ErNbRu2,0.0
Be(HO)2,5.7454
Yb2AgIr,0.0
Ba4NaMo,0.0
RbH2N,2.2081
LiIrRh,0.0
ZrBe2V,0.0
MnSbS2Br,0.0
NaSr2Tl,0.0
KAcTe2,0.9669
NbAsAu,0.0
Ca3(AlGe)2,0.0
BaCuBr2,0.0
PrCuSn,0.0
Yb2MgIn,0.0
K3Y(BO3)2,3.3604
Be2SnPb,0.0
GaCl3,3.9192
BeSiNi2,0.0
CdSO3,3.463
HgO,0.0
LiCaUF8,0.3747
Ce(SiPt)2,0.0
Mg(GaO2)2,2.7112
Nb3Br8,0.1169
MgFe(SiO3)2,0.2172
Rb3BrO,0.4578
Li2FeO2,0.0
Ti3Nb,0.0
DyCdAg2,0.0
Be2SnSb,0.0
TiHgO3,0.0
CrNi2Hg,0.0
Yb2CdGe,0.0
Ba4TcGe,0.0
SnSe,0.3952
Li4B2O5,5.0715
Be2MoRh,0.0
BeInBr,0.0
Au2S,2.1492
K2LiAlH6,2.9419
LiV3Zn2O8,0.0
Yb(FeGe)2,0.0
BeCuSi2,0.0
Rb2Sb4S7,1.8761
LiScS2,1.4767
Li3Ti(CuO2)4,0.0
Rb2As2Pt,0.2953
NdErMg2,0.0
Ba4ReSe,0.0
ZrBeZn,0.0
BeTl2Br,0.0
Ba2LiNb,0.0
BaRuCl2,0.0
Co(ClO4)2,0.4458
YCuAs2,0.0
BeCr2Hg,0.0
Mg2Bi3O8,0.0
NdMgNi4,0.0
Er2Al3Si2,0.0
NiPd3,0.0
BePd2,0.0
LiV5O7F,0.0
NbInPt,0.0
Ba2SbBr,0.979
Be2WSe,0.0
MnCu3,0.0
Ti2AlC,0.0
K2GeF6,5.966
Zn(CrS2)2,0.0
Tb3TlC,0.0
Mn2FeO3,0.0
Ca3ScCoO6,1.5489
Li6FeO6,0.0
Ba4ZrIr,0.0
K4Na2FeH3F2,0.8436
Lu(BiO2)3,2.1842
CaV2O4,0.0
KCoAu3(CN)6,0.0
Ca(MnAs)2,0.0
InRh,0.0
Al5BO9,5.0176
Li2ZnAu,0.0
BaBiClO2,3.3
HoS,0.0
BaP2Br,0.0
BeVBr2,0.0
NdVGe3,0.0
Sc2CuIr,0.0
CdInGaS4,0.0
Rb3Pr,0.0
BeInSi2,0.0
Mg(RhO2)2,1.3232
ErTaOs2,0.0
Sb3ClO4,2.7482
Be2NbGa,0.0
NaMnSe2,0.0
YZrRu2,0.0
RbYS2,2.3873
Na2MnO3,1.3121
Li7V5O2,0.0
ZrAgMo,0.0
PrS,0.0
MgZrRh2,0.0
SiP2O7,5.4859
YbB4Rh,0.0
MnV2Os,0.0
Li4Cr3Co3(SnO3)2,0.0
HoGe,0.0
Mg2BeNi2,0.0
Sm2AgSn,0.0
TmMgRh2,0.0
BeVP4,0.0
Ce3In3Ru2,0.0
K2S,2.3843
Cd(GaO2)2,1.8136
Pm3Sn,0.0
LiPaPt2,0.0
ZrTi2O,0.0
BaGaBr,0.0
Hf2MoPt,0.0
NaPd3O4,0.0
V2P2O7,1.123
MgCr4O8,0.0
Mg3Sn,0.0
SmTm3,0.0
Ba4FeTe,0.0
LuH2,0.0
LuGe2,0.0
Pu3Sn,0.0
KCrF6,0.0
Tm5(ReO)2,0.0
InNiAs,0.0
Dy2Fe2Si2C,0.0
V2CoO6,0.0
Sr2Be2B2O7,4.1723
Cu2SiS3,1.3312
UBi,0.0
Yb3GeO,0.0
Li3BePCO7,5.2036
ZrCdRh2,0.0
BeFe2Ni,0.0
BeSnP2,0.8997
BeGaPb2,0.0
BeZnSi4,0.0
MgCd2,0.0
LiHoTl2,0.0
LiZnHg2,0.0
Tb3Al,0.0
LiTl2InF6,4.2874
MnGaNi2,0.0
Ba4PbCl,0.0
TlHg,0.0
HfBeGa4,0.0
Tb2C3,0.0
Cd(GaSe2)2,1.3178
TiGeTe6,0.3373
Mn3Hg,0.0
Lu2AgIr,0.0
Dy(CoB)2,0.0
Lu4B6O5,5.0559
SrSn(BO3)2,3.9103
Nb(Te2I3)2,0.6021
HfNiSn,0.0
Li6CrFeP2(CO2)2,0.1368
Mg2FeN2,0.0
LiFeNiO4,0.0
AsOsBr,0.0
SrCuSO,0.0
Ca(NdTe2)2,1.1705
BaSb3,0.0
P3Pd,0.0
AsPdS,0.0
Hf5CuPb3,0.0
ErNiC2,0.0
VAg(PSe3)2,0.0
K8N3O,0.0
Rh2S3,0.247
SiRh,0.0
U2Ni2Sn,0.0
NaDy3,0.0
CeCuGe,0.0
MgH4(ClO)2,5.5397
Nb5Ge3,0.0
Ru3Cl,0.0
LiGe,0.0
V2Cu3H6O,0.0
BaMgV4O8,0.0
Yb2CdPb,0.0
LuAg4,0.0
InSb3,0.0
Ho2B4C,0.0
ScRh2Pb,0.0
Ba4InW,0.0
K2VPCO7,0.0
V3Te4,0.0
LiTm2Cl5,0.1566
NaIn2Au,0.0
CeInCu2,0.0
Nd2ZnAg,0.0
MgBeFe2,0.0
Cr2Se3,0.0
Al3Pt2,0.0
HfReAs,0.0
Tm2NiOs,0.0
YbPd,0.0
Ba4NbP,0.0
Rb2PbCl6,0.9023
HoScRu2,0.0
PmBr3,2.414
Na3BeAl(SiO4)2,4.5814
Ba4HfCl,0.0
H3AuC2NCl,3.4431
BaLiAs,0.6589
Li5VCr3O8,0.2546
ScBeHg2,0.0
Nb2Tl5S4Cl9,1.4792
ScSnRu2,0.0
Rb2MnCl4,0.995
UCoB3,0.0
Y2GeI2,0.2221
NaCaBe2,0.0
NaPr2IrO6,0.0
VGaRu2,0.0
ThB2Pt2C,0.0
Cd(CO2)2,3.3275
LiVOF3,0.2982
SbCl5,1.2611
Ba2AlNi3O8,0.0
Ba2CaI6,3.4158
DyCuGe,0.0
Pr2Ru2O7,0.0
TmLuHg2,0.0
BeTc2Br,0.0
BeTlRe4,0.0
TmCoC,0.0
Ba4LaNb,0.0
LiGaTe2,1.5745
TbHg3,0.0
PaRh3,0.0
CeRh,0.0
Cu2Se,0.0
Hf2MoIr,0.0
K3Hg,0.0
Be2PdRh,0.0
Mn(NCl2)2,0.0
YMg3,0.0
Ca2B4Rh5,0.0
MgTi4O9,2.3701
Li3CrSiBO7,0.0
BaZr4Pd,0.0
TeMoWSe2S,0.1562
ZnNi3Sb2,0.0
CaPd2,0.0
Ba2YTi3O8,0.0
AgBF5,0.0
KTmO2,4.2044
Mg2In,0.0
Be2MoPd,0.0
MgTi2O5,2.7282
KErO2,4.1137
ScBeGe4,0.0
MgSi2SnO6,3.4851
LuSb3,0.0
Na3P,0.5193
K2NiAs2,0.163
Cu2AsAu,0.0
K2TiF6,4.7
VGePt,0.0
Zn(HO)2,2.6661
HoF3,8.0868
Yb2Ni2P7,0.0
Li5AuO4,2.2048
Ba4YP,0.0
Li3Fe2CoO6,0.0
YZr5O,0.68
ZrCdO3,0.0
Li2VSiCO7,0.1504
VGeAs,0.0
OsCl4,0.0
ZrAsIr,0.0
Sc(Fe2P)2,0.0
USi2,0.0
SmAl4,0.0
NaNdSe2,1.7886
ScSnPt,0.0
NdS2,0.0
LiLa2Ir,0.0
Mg3Co2O7,0.0
InBi,0.0
Al2W,0.0
K4CO4,2.9388
MnAuO2,0.0
Li2V3F8,1.0264
Rb2Al2B2O7,4.5291
LiYBe,0.0
FeSb,0.0
CrPbO3,0.0
YBeHg2,0.0
PrBi2BrO4,1.2888
PmCdPd2,0.0
HfSiPt,0.0
ScS2,0.0
Li4V7O9F7,0.0
Tl(FeS)2,0.0
NiAgF3,0.3168
BeNiSe2,0.0
SrIn4Ir,0.0
NaPrHg2,0.0
Te2W3(SeS)2,0.3145
Sc6Al6Ni7,0.0
MnC4NO5,2.2455
Ba4IrO6,0.0
BeTcSn2,0.0
K2NaNiF6,0.0
NdLuMg2,0.0
SrBeCd2,0.0
Be2CrFe,0.0
V2TcOs,0.0
NaAc2Sn,0.0
SmAl2,0.0
CoAuO2,0.0
BeVIn2,0.0
BAsPb,0.0
ThPbAu2,0.0
BaZr(BO3)2,4.2509
KBeCd2,0.0
CaPmZn2,0.0
LiBi,0.0
CdSbS2Cl,1.706
BeTc2Rh,0.0
CaMgNiH4,1.8974
Pr3Cl,0.0
Hg(ClO3)2,3.2886
Li2FeCu(PO4)2,0.0
YCuPbS3,1.6706
ZnGe2WO6,1.9419
Lu(SiPd)2,0.0
ZrSbRu,0.0
BaZnO2,2.4947
MgGa3,0.0
Ca3ZnGe5O4,2.5882
RbUAgSe3,0.0
CaSiO3,4.0205
BeNbPb2,0.0
BaSn2Sb,0.0
Tl2GeS3,1.4841
CuTe,0.0
Sr3(AlN2)2,2.1859
Ni3Hg,0.0
Ti2ReTc,0.0
MnCoGe,0.0
Ba2TmReO6,0.0
BeSn2Pb,0.0
TaCo3,0.0
KNaSmNbO5,3.5497
PuCdRh2,0.0
CrGaFe2,0.0
BaTiTe,0.0
AsRhBr,0.0
Er3Al3NiGe2,0.0
NaFeAs,0.0
Na2InPCO7,2.9942
Y2BeGe,0.0
Yb(FeSi)2,0.0
Sc2CdTc,0.0
LiFe5O8,0.0
CeAl2BRu2,0.0
Na5SbO5,1.8298
Er5(NiTe)2,0.0
MnSiNi2,0.0
Sr2Cu(OF)2,0.0
H2CO,2.1326
Li4VTe3O2,0.0414
ZnNi,0.0
Na2BeCo,0.0
TbInNi,0.0
BaAg2(HgO2)2,1.2213
Dy2MgSi2,0.0
Ho2Co2P7,0.0
BeSi2Rh,0.0
VGaO3,0.0
La2AgRu,0.0
TaRh3,0.0
UB2,0.0
PrGaCo2,0.0
Ba2NaSb,0.0
CoH2(BrO3)2,0.3689
HfZnCo2,0.0
Ba2YBiO6,1.9565
SrNiF6,1.19
AsCl2F3,2.9282
Li3RuO4,0.0
CrPS4,0.6507
BaLaSb2,0.0
YB2Rh3,0.0
Tb6FeBi2,0.0
U(HO2)2,2.6319999999999997
Sc4BeZn,0.0
Be2TeSe,0.0
Be2GaCl,0.0
CuSbRh2,0.0
KLiCO3,5.1817
HgSeO4,0.9031
KCoF3,0.0
CaCdGe,0.0
CaMnF6,2.3407
Sr2BeCl,0.0
ZrSc2Tl,0.0
LuTe,0.0
SnPt,0.0
Mo2S3,0.0
Er2FeC4,0.0
BaDy2CoO5,0.0
PrSbO4,2.263
Cu6OF,0.0
V3Se4,0.0
BaAl2(SiO4)2,5.0194
GaNiRh2,0.0
Ba4BiPt,0.0
KNiAu3(CN)6,1.3387
TbH2,0.0
PrGe3Rh,0.0
Li2VF5,0.0684
BeCu2Br,0.0
BeTeIr,0.0
Tl2S,0.9839
KYb(CO3)2,0.0
ScBeRh4,0.0
YAl3Ni2,0.0
ThPSe,0.0
Pr2Co7B3,0.0
KBeW,0.0
BaSrPb2,0.0
BeRuBr4,0.0
CaCo(SiO3)2,0.0
Sm(SiPt)2,0.0
Ag2Te,0.0
NpH2,0.0
Eu2C(NCl)2,0.0
RbAgCl3,0.0
SmBi3,0.0
Mg(MoO)6,0.0
Sn3Pt2,0.0
PrB2ClO4,5.1055
K3AlF6,6.7923
MnNi(PO4)2,0.2578
YMoClO4,2.5862
YMnB4,0.0
HoMg3,0.0
SiWCl2,0.0
Sr3TbRhO6,2.1388
Rb3Ba,0.0
Li5CoO4,0.0
BaHfZr4,0.0
SrLiGe2,0.0
CrAuS2,0.4433
VCoB3,0.0
BeGe2Os,0.0
KLi2As,0.8892
AlTc2Sb,0.0
MoW3S8,0.9909
Ba4LiSi,0.0
HfAsPt,0.0
IrI3,1.1939
Nb3GeS6,0.0
K3Sr,0.0
Sc2Ti2O7,3.5908
LiSbS2,0.0
NaErF4,7.1392
GaFeRh2,0.0
Ho3GaC,0.0
Ba4MgCo,0.0
Li8NO3,0.0
Hg2GeSe4,0.28600000000000003
KIn9Ni2,0.0
HgBiPb2,0.0
V3AuN,0.0
Rb2H2C2O5,3.4307
Ba4CdSe,0.0
Ca(GaAs)2,0.1873
MnNiSb,0.0
LiMgSnPd,0.0
LaYBe2,0.0
BeNi2Ir,0.0
BaC,0.0
BeIn2Pd,0.0
Be2NiRh,0.0
MnBeCr4,0.0
La(SiOs)2,0.0
Be2TeIr,0.0
LiMnSiO4,1.1925
CSO,4.6169
MgSbPd,0.0
MnSnO3,0.0
BaYAgTe3,0.8192
SrO,2.7778
HfPd,0.0
Dy(BRh)4,0.0
Nd2C3,0.0
K2Sn,0.0
LiPmAu2,0.0
BeGe4Os,0.0
Mg3Ti,0.0
BeCuTc,0.0
TbRh2,0.0
Be2CdSe,0.0
Rb3Al,0.0
Tb2IrPd,0.0
ScPaRu2,0.0
ErMnB4,0.0
Sr2ZnCu2(SO)2,1.0055
Sr(CdP)2,0.7248
BaHgCl,0.0
Ba4YTe,0.0
Dy(Al2Cr)4,0.0
YBi2BrO4,1.4606
U3Sb4,0.0
Mn2Fe(CN)6,1.8731
HoCu4Pd,0.0
CuO2,0.0
LiHoHg2,0.0
SmTlAg2,0.0
BaTl2Br,0.0
LiTiV3,1.5129
LiGa2Cu,0.0
SrIF,4.5342
LiCo2NiO6,0.0
Ce2In8Co,0.0
Na4BeZn,0.0
Li3CoO2F,0.1887
CaHgO2,2.3029
MgInRh2,0.0
Sr2Mn3(BiO)2,0.0
PrSi2Mo2C,0.0
MgBeRe2,0.0
TiAsOs2,0.0
SrZrZn,0.0
Zr6FeSb2,0.0
CaVBiO6,0.4411
YCo4B,0.0
LiWO2,0.0
TaBeW,0.0
In2GeB,0.0
BaZn2Ru,0.0
Y(AlGe)2,0.0
BeCd2Pt,0.0
MnAlRu2,0.0
Sc2Ni2P7,0.0
CeGa4Co9,0.0
CeCuSO,0.0
Mn2GeW,0.0
Zr2ZnAg2F4,0.3749
K4P2O7,3.7682
Ca2CdSn,0.0
Yb2S3,1.3819
SrRhO3,0.0
Sm3CuSiS7,1.6807
MgBeOs,0.0
CeZr3O8,2.1453
ScBeSn2,0.0
VAs,0.0
PaPd3,0.0
Ba2Sb2O7,1.0917
HfBeGa2,0.0
SrBe2Se,0.0
MgNbRu2,0.0
Ba4RuRh,0.0
IrPbBr,0.0
Fe(PS3)2,0.0
Ba4CrRh,0.0
ZrGeS,0.0
Ba4TcRh,0.0
GeBi2O5,2.4447
Li2PtAu,0.0
Nd2ZnIr,0.0
Na2MoO4,4.3712
MnBeCd,0.0
Co3(SnS)2,0.0
CaMg2Ni9,0.0
Sr3Mn2O7,0.0
Li3SiNiO5,0.2555
TbInAg2,0.0
NaLi2N,0.0
SrHo2O4,3.784
TiHgO3,1.4269999999999998
PBr7,1.2967
BaHfTe,0.0
CaLuRh2,0.0
PbO,0.3355
TaGaFe2,0.0
Ba4CdRu,0.0
PRu2,0.0
Ba4TaNb,0.0
EuCuBi,0.0
RbTmO2,3.7217
NaMn2O4,0.0
NaBePt2,0.0
AgSbS2,0.5247
Er5Si3,0.0
Tm2MnOs,0.0
MnAgO3,0.0
Ti2GaC,0.0
TiSiRh,0.0
PrInAg2,0.0
Li4MnSb2WO2,1.0037
ZrBr2,0.0
YbMgO3,0.0
NaHF2,7.1027
RbNO3,3.0425
SbTe2F6,0.7209
HoCd2,0.0
Ce3GaBr3,0.0
BeCdSi,0.0
BaTePb,0.0
Sr2Fe2Se2OF2,0.0
ZrGePt,0.0
CuAs2,0.0
Ba(MgP)2,1.1513
CdCu2O3,0.0
LiVS2,0.0
Zn2CuAs,0.0
LiSiPCO7,6.1315
Hf2CuRe,0.0
CrSbSe3,0.514
Be3Fe,0.0
Ba2GaGeN,0.0
CaSn2,0.7753
Li4NpO5,0.6702
Ca(Mo3S4)2,0.0
Nd(BO2)3,5.6579
Tm3Al2,0.0
KBeGe2,0.0
YZnSn,0.0
TmAu,0.0
Ba2Sc2O5,1.8827
PrGeBO5,4.1011
Li2VF6,0.3068
Tb(Fe2P)2,0.0
ZrFeF6,0.0
SrAg5,0.0
CeBrO,0.0
CuHO2,0.0
TaIr,0.0
MgBeZn2,0.0
CeZn2Ag,0.0
CeBi,0.0
Li2TmTl,0.0
Na2BeGe,0.2027
TiO2,0.0
TeW2SeS2,0.4072
UV2,0.0
Hg2W2O7,2.048
BePRu2,0.0
Be2TcPt,0.0
CaBe2Tl,0.0
Al6C3N2,0.2212
IrW,0.0
CeO,0.0
Ba4RhW,0.0
Y2ZnPt,0.0
TiCrO4,0.0
LiYbGe,0.0
ErZnRh2,0.0
LiNbTe2WO2,1.8896
MnPH6NO5,2.0406
Ba4MoSe,0.0
GaBiO3,1.3525
VBr2O,0.0
ZrBe2Cr,0.0
Zn(InSe2)2,0.8091
Mn3Al,0.0
Sr2NCl,1.921
NaIn3,0.0
BaNaSn,0.0
BaPtRh2,0.0
AgHgO2,0.0
H7S(NO2)2,5.6127
CaBe2Co,0.0
Sm3Se4,0.0
HoB6,0.0
DyCo5,0.0
ZnPdF6,1.7089
Bi2Te2Se,0.2295
Li3HoSb2,0.0
SnS,0.3713
V(ZnN)2,0.0
HfBe2Ru,0.0
Li5GaO4,3.8821
Sr(H2N)2,2.5102
W2SeS3,0.6931
Nb3Bi,0.0
Mg(BH4)2,6.0502
ScTaTc2,0.0
Pr5(CoB3)2,0.0
BeGe2Pb,0.0
AgAsSe,0.0
NaScBe,0.0
CoReB3,0.0
LiHo2Al,0.0
NaAu(SO4)2,1.8491
NaHO,3.4917
CaZrBe,0.0859
MnNi(BiO3)2,0.0
ScCdRh2,0.0
BaEr2CoO5,0.0
LaTiO3,0.0
BeTlZn,0.0
Sc2AlAg,0.0
BaCaV,0.0
Li2InPd,0.0
K3NaCr2O8,2.8435
BeCuP2,0.0
Na3Mo(OF)3,3.955
TiH8(NF3)2,4.6803
BaNaBi,0.3185
AlH4(SeO4)2,0.0
Ba2ZnSn,0.0
RbBS3,2.3683
ErLuMg2,0.0
HoNbOs2,0.0
Sm9Ga4,0.0
ZrGeSe,0.0
Li4MoO5,2.8448
Ba4TaRu,0.0
Ho(GeRh)2,0.0
Sm(AsPd)2,0.0
Dy2TiO5,2.946
Sr3Hg2,0.0
LiBe2Sb,0.0
NbH2,0.0
MgSeO3,4.1536
Sr(CuAs)2,0.0
Be2ReCl,0.0
V(SiO3)2,0.0
SmSnF7,5.0677
HoGa,0.0
BeFeCl4,0.0
K4NbAl2O20F,0.6495
BeZn2Re,0.0
Ca3BN3,0.7273
K4HgAs2,0.7874
S(IN)2,1.2258
Sr2BeSn,0.0
Al6C3N2,0.1008
Ba2CrW,0.0
VZnRu2,0.0
SrCrO3,0.0
BH6N,6.178
HfBe2Te,0.0
Ba4NaSb,0.0
UAl2,0.0
PrErMg2,0.0
SiCN,0.0
TlF,2.2442
PrSnRh,0.0
MnTe,0.0
NaBeV,0.0
Yb2CuRh,0.0
Tm2CdIn,0.0
Ta4AlC3,0.0
Ba2ZrO4,3.2117
BaYI5,2.0726
PdPbF4,1.0083
SrMnSn,0.0
Lu2Ti2O7,2.5211
UGaTc2,0.0
Sr7(HCl)2,4.0515
YCdPd2,0.0
Yb(SiPd)2,0.0
TiS2,0.0
NaSbS2,0.7555
YCuPb,0.0
HoCdAg2,0.0
Nd3Cu3Sb4,0.2461
SiNi,0.0
Na4BeAlSi4ClO2,4.7664
LiZn2Rh,0.0
NaBe2Tc,0.0
Ba4ZrPd,0.0
Be2TlCu,0.0
LiCaGaN2,2.4399
ScPdO3,0.0
BeV2Cu,0.0
ErAgSe2,0.396
Si2MoAs,0.0
Na2GaNiF7,1.1674
NbWSe24,0.0
LiLu2Rh,0.0
Pd(Se3Cl)2,1.01
MgPaRh2,0.0
CaAcHg2,0.0
RbTbS2,2.3088
Sr3SiO5,4.2177
BeZnSb4,0.0
MnNb2As,0.0
Li3Be,0.0
LaMg,0.0
NbW7Se6,0.0
In4SnS8,0.0
Li3YBi2,0.0
Ba4Os6ClO8,0.0
Ga2Os,0.6661
CaSbF6,0.0
Mg2ZnB2Ir5,0.0
TaBeW2,0.0
Li2V(OF)2,0.0
Er(AlGe)2,0.0
ErPO4,6.3142
Li2ZnSn,0.0
Sc3PbC,0.0
YCo5,0.0
TbS2,0.0
Sr3WO6,3.1845
Y3Al3NiGe2,0.0
SnBi,0.0
Li2Cr3SbO8,0.36200000000000004
PICl6,1.9811
LiSbO3,1.3395
BaZnSi,0.0
Ga2NiO4,0.6013
Sr2MgIrO6,0.0
CuAsPbO4,1.9728
LaYbHg2,0.0
Er2IrRu,0.0
Y4ZrBe,0.0
Ba2NbTl,0.0
TbAl3,0.0
RbZnO3,0.0
Y2BeCo,0.0
K2NaAlP2,1.7119
BaLaMn2O6,0.0
ZnNiP2O7,1.1598
SnH8(NF3)2,5.2539
Ba4CuSb,0.0
Sc2BeOs,0.0
Hf(Ni2As)2,0.0
NaCr2O4,0.0
BaPr2PdO5,2.3408
Ba3MgRu2O9,0.0
CaBePb,0.0
Li4Ca2Mg(SiN3)2,3.5118
MgBIr,0.0
Na6FeS4,0.0
NdCo5,0.0
YTiGe,0.0
Dy2Se3,0.4201
Li5InO4,2.7847
K6Fe2O5,0.8722
LaNi4B,0.0
NiSbSe,0.0
K3GeS3,2.3956
K2PtCl6,1.6459
SmPuO3,0.0
Pa3W,0.0
LiH2IO,3.8157
AlAsPt5,0.0
Th2N3,0.0
CrAgSe2,0.0
LiGaAs,0.0
Ca3Mn2(SbO)2,0.6057
Ba(CuSe)2,0.4664
FeAs2,0.24
DyTlZn,0.0
KPdO3,0.0
CO3,0.0
MnHO2,0.2807
TmBr3,2.6326
Li3Mn3O5F3,0.2833
Ba2Mg(BO3)2,4.9182
Mg2SiB2Ir5,0.0
Li2Fe3CoO8,0.0
Pr2Tl,0.0
NbS2,0.0
Li2Ni3BiO8,0.0
Ta2Be2Pb,0.0
MgI2,3.6246
TaNi2,0.0
Li2FeNi3O8,0.1721
CeCuO3,0.0
Mg3Zr,0.0
Bi2Te3,0.3507
ScC,0.0
Tm(CrSi)2,0.0
DyCuSn,0.0
Rb2NaHg,0.0
MgTaOs2,0.0
Er(NiGe)2,0.0
ScAlNi2,0.0
Ba2Mn3AlO8,0.0
YBe2Ir,0.0
W3N4,0.0
RbMnP,0.0
Tb6Br7,0.0
In2ReB,0.0
Tl2Pt,0.0
SrBeIn4,0.0
Y(CuSi)2,0.0
HfZnPt2,0.0
LiSbPd2,0.0
Ba(TeO3)2,1.9079
Cd4OF6,1.9843
Li2VGeO5,0.4139
Li3V(BO3)2,0.6459
Ta2OsPd,0.0
CaBe2Cr,0.0
YbAlAu,0.0
K2Zn(CN)4,6.1036
BaGa2Cl,0.0
Cu(SbO3)2,0.0
Li2PmGa,0.0
YbSbPd2,0.0
Be2VBi,0.0
MnBe2Ir,0.0
Fe3PH6PbSO4,0.0
TaZnCo2,0.0
Na2TlPb,0.0
Rb3HoO3,2.1571
CaMgHg2,0.0
YSnAu2,0.0
Ba2BiAu,0.6315
Li4FeN2,0.0
CaSiSnO5,3.513
CaCdAu2,0.0
CrB4,0.0
Zn(CrSe2)2,0.0
LiLuO3,0.0
LuTlO2,1.6755
Li2Mn3CoO8,0.0
WC,0.0
BaSn2,0.1234
ZrTc2W,0.0
AgTe3,0.0
Nd2SeO2,2.3139
MgSiP2,1.4581
Tb(CuSi)2,0.0
AcYbZn2,0.0
MgFe(GeO3)2,0.0
NaSe,0.0
AlVFeCo,0.0
ErBi2BrO4,1.5041
ZnCrF5,1.1701
BeCo2Pt,0.0
Ca(WN)2,0.0
YSn,0.0
Tm6WO2,2.8695
MnCdO3,0.0
LiTiO2,0.0
CaZnSi,0.0
Ta2C,0.0
Y2Al3Si2,0.0
KTbO3,0.0
ZnN,0.0
FeCo5,0.0
Li2WS4,1.3182
Ba4MnTc,0.0
NdZn2Cd,0.0
SrHf2Mo,0.0
SrLi2Be,0.0
KF2,1.3251
SiAs,0.9805
SrTaBe2,0.0
ErCdCu4,0.0
BaGaSiH,0.6201
NiSe2,0.0
ThO2,4.8234
Dy3CuSnS7,1.4762
Na2BeBi,0.0
CaHoMn2O6,0.0
Al2CdS4,2.5533
DyGeRu,0.0
Si2HN8,0.1288
CdFeO3,0.0
MgSbF5,4.2618
PbSO3,3.4767
NdMgPt,0.0
ScZnRh2,0.0
NaFeO2,0.0744
Li2ZrTeO6,2.8569
Cr2FeS4,0.0
TmInAg2,0.0
Li2Mn3NiO8,0.2801
YbHg,0.0
Nd3NbO7,2.7928
S(ClO)2,3.6863
CoAsBr,0.0
Mo3W(Se3S)2,0.5346
Ca4MgBe,0.0
DyB2,0.0
Hf2CuSb3,0.0
BaSrSb,0.0
Ba4SrRu,0.0
LaPt3,0.0
Sn3As4,0.3621
CuBO2,1.6885
TaNi3,0.0
K2Zn(SiO3)2,4.2579
Ho5Ga3,0.0
Ba3Ag2,0.0
Be2FeMo,0.0
CaIrO3,0.0
Li2FeO3,0.0
ErGeRu,0.0
Li2BPd3,0.0
NdMnAsO,0.0
MgSi2,0.0
AgNO2,1.2015
YHoAg2,0.0
ReCl4,0.184
K4Fe2O5,0.1254
NdOs2,0.0
KCeSe4,0.0
Ti2AlCr,0.0
Na2BHO3,4.1591
LiMg2Pd,0.0
Be5Fe,0.0
Te4Mo3Se2,0.3865
V6OF,0.0
ErTlO2,1.5079
InCoSi2,0.0
SrMnO3,0.0
BaBiSe4,0.0
CaBe2Sb,0.0
VSb,0.0
Zn3N,0.0
HfNCl,2.2124
BePSe2,0.0
Li2Ti3VO8,0.0
U2PN2,0.0
Dy2MgAl,0.0
Rb2SnI6,0.0
ZrBeIr,0.0
K2BeF4,7.4910000000000005
K7LiSi8,1.7271
RbDyS2,2.3219
Zr3AlN,0.0
Tb3Si2S8I,2.459
K2Ca(CO3)2,4.5549
NbSiRh,0.0
BeReNi4,0.0
DyRh,0.0
BaSbBr,0.0
Mg(SnO2)4,0.614
VMo2As,0.0
Be2InBi,0.0
TiCo2,0.0
LaS2,0.0
MnCO3,1.7365
PPbW,0.0
TiMn3O8,0.8567
CrB2,0.0
YB2C,0.0
SrCaO2,3.3384
Rb(BH)6,5.5106
Ba7(ClF)2,6.1314
DyInCo4,0.0
BeIr2Br,0.0
Rb2TbF6,0.0
K3CrO8,1.5819999999999999
NaLaTl2,0.0
CaTiF4,1.1342
PrP,0.0
Ca(CoS2)2,0.7884
CaPd5,0.0
Ba4HgSe,0.0
KLi4CrO5,0.1982
TiMn2O6,0.9361
BeTlAs,0.2476
Ba4MgBe,0.0
BaLiCd,0.0
TiAs2O7,2.6732
In2NiS4,0.0
CaAlSiH,0.5456
CaTlCl3,4.4209
VPd3,0.0
NaGa,0.0
RbBr,4.4097
Li2VO3,0.0
Nd3SiAgS7,1.7501
Be2ZnPb,0.0
LiCa2Ga,0.0
Li2MgCu2(Si2O)2,0.6086
SrBeMo4,0.0
Zn2TcAs,0.0
Cr(WO4)2,0.0
SmB2Ru3,0.0
Mg(NiS2)2,0.0
LuB2Os3,0.0
Y2HgAu,0.0
LaBeGa,0.0
Na3Sc2(BO3)3,3.678
NaAg3O2,0.7916
Ti3H2O7,2.8701
Ba4TeCl,0.0
Li2TlAu,0.0
Ba4GaSe,0.0
K2NbF7,4.5049
BaAlCuMoO5,0.0
NaSnN,1.1557
CaCd3O4,0.3525
ScCdCu2,0.0
BaNiP2,0.0
Ba3TbRu2O9,0.0
Lu2RuRh,0.0
ZrBe2Cl,0.0
RbSnI3,2.0644
HfBeSi,0.0
Ba4MgTl,0.0
BeCrIn2,0.0
TaNiB,0.0
PrAl4,0.0
BaSr2Mg(SiO4)2,5.2615
Y(MnSn)6,0.0
Sr2UNi,0.0
Yb3Ti3O4,0.0
Sr5Sb3,0.0
NbBi2Mo,0.0
Rb3Si,0.0
Na3Cd2IrO6,0.0
TiI3,0.0
Ca3(BO3)2,5.27
Te3W2S,0.1276
BeGaCu,0.0
Cr3Pt,0.0
Ti3Cu4,0.0
Pt3PbC,0.0
Sc2C,0.0
P2O5,0.0
Na2MnBe,0.0
Ta2Zn2SnO8,2.6931
SrBiB,0.0
TaTc2As,0.0
LiCuPO4F,0.1648
HoBiPd,0.0
LiY2Tc,0.0
NbNiB2,0.0
YAgPb,0.0
BeNiIr4,0.0
Hf2P2O9,4.9989
Si2TcOs,0.0
NaTl2Pd,0.0
Ta2BeGe,0.0
UCo2,0.0
Hf(SiNi)2,0.0
Lu5Si3,0.0
AcH3,0.9253
CrPO5,0.0587
KCu3S2,0.5629
BeNb2Mo,0.0
K3Ho,0.0
Hf4BePb,0.0
Lu2ZnAg,0.0
Be2CuBi,0.0
BaFePt2,0.0
ErB4,0.0
Tm(CoSi)2,0.0
CaGa3Ni2,0.0
TiBeRh2,0.0
K2P2Pd,0.9158
NbSiPt,0.0
Mg2NiSbO6,0.0
Li5Nb2V5O2,0.0
BaLiTe2,0.0
ErTe2,0.0
LuRh2Pb,0.0
Ba3NbGa3(SiO2)2,3.3773
Th2Ge,0.0
Li7NbO6,3.5674
Mo3(SeS2)2,0.8312
CeGeAu,0.0
Hg2AsSe,0.0
Ba4SnBr,0.0
Ca(AgO2)2,0.0
BaTiSi2,0.0
Li2Si3NiO8,0.4221
HfBeV,0.0
B6As,2.7386
Hf2Al,0.0
SrAu2,0.0
CaHfO3,3.784
MgBeRh,0.0
Hf2Ag3F4,0.2337
Ti3SnH,0.0
NaYbF4,0.1821
Na3Au,0.0
SrAlGa,0.0
HfGeO4,4.1708
Hf3Zn3N,0.0
Ba4InSn,0.0
Er2O3,4.2054
CuSbPd2,0.2675
LiCo2(C2O)2,0.0388
HoSnRh2,0.0
In3AsSe3,0.0
SrP3,0.4018
DyB2Ru,0.0
SrZnF4,5.311
ScGaPd2,0.0
Ba2AlCr3O7,0.0
Cu3SbSe3,0.6139
AlSiRu2,0.0
K3ZnH5,3.8627
BaS3,1.0206
Al3Tc,0.0
Be2CrPb,0.0
TeAsRh,0.0
BeBi2Cl,0.0
Sm3Er,0.0
Li4Fe3CuO8,0.0
HfSiRu2,0.0
BaNa2Cd,0.0
PdS2,0.0
Pd(PbBr3)2,1.1377
Ta4BeTe,0.0
Sb4Cl2O5,2.7486
Na2BeIr,0.0
ZrSiPd,0.7725
MnBe2Hg,0.0
Li3Y3ZrO8,4.3089
ErTaRu2,0.0
RbSrSiHO4,4.2864
BaY2F8,6.3486
Mg2FeWO6,0.0
Dy2MgTl,0.0
MnRh2Pb,0.0
Na6BeO4,2.2880000000000003
LiMg2Be,0.0
TiGaRu2,0.0
Be2IrPd,0.0
Be2SnBr,0.0
Nd2CdS4,1.6922
LiC6,0.0
Be2CoBr,0.0
BeTlBi,0.0
Zr2AlC,0.0
Y2HgO4,1.3285
HfScBe2,0.0
Ba(Mo3S4)2,0.0
PrZn,0.0
Ta2Te4O,0.8451
MgBeW2,0.0
YbPrRh2,0.0
K2Mn(Nb3Cl4)2,1.0585
BaZnF4,4.7855
BeNbCu,0.0
LiNbNiO4,0.5277
MnV2Cr,0.0
GaI3,1.9711
CeMg3,0.0
CrInNi2,0.0
CdSbAu,0.0
PrFeSi2,0.0
Al3Ni5,0.0
CaIn2Au,0.0
Li5MnO3F,1.5971
Ag2PdCl4,0.9419
PrFeSi,0.0
Sr5As3H,0.7335
Na3Nd,0.0
BaHgPb,0.0
Ag3Ge,0.0
ScBe2Re,0.0
Ca6MnN5,0.8205
CoF3,0.0
BaNa2Mg,0.0
K2BeRu,0.0
Ge2Os,0.0
SrBeBr2,0.9124
ThNF,2.5537
Cd(HO)2,1.2316
Sr(PrSe2)2,1.8039
BeGe4Pt,0.0
U(GaFe)6,0.0
V4NiS8,0.0
BaNaLi,0.0
Mn2Al2O7,0.6279
TbU3,0.0
Mn(BW)2,0.0
VBiO4,2.1109999999999998
Lu(BC)2,0.0
Y2MgCd,0.0
SmDyMg2,0.0
Sr(NdSe2)2,1.8063
Sr(As2Rh3)2,0.0
Mg3Re,0.0
SrMgSn,0.0
Co2As,0.0
SiH4,6.1443
Er2Be2GeO7,4.5871
Li3Mn3OF7,1.4635
BaTa2Bi2O9,2.1313
SrNi2(PH2)2,1.2835
Ce3Sn,0.0
K3Cu3As2,1.3626
Al2FeS4,0.0
ScBiPd2,0.0
Hf6Al6Pd7,0.0
USbRh,0.0
Fe2PO5,0.0
CaBeHg2,0.0
FeSnF6,0.0
InGe3,0.0
KCa(PO3)3,5.3165
YNiSn,0.0
BaLi2Mg(PO4)2,6.2431
ThGa2,0.0
Li4MnO3F,0.5835
Ba4TiCo,0.0
H2OsN5Cl3O,2.2975
Li5Sn2,0.0
BeCuPt,0.0
LiOs2W,0.0
CuNiSb2,0.0
BeGeRh2,0.0
ThGeO4,4.0126
MgCr2O5,0.0
Sr(BiPd)2,0.0
CaHf2Be,0.0
NaGaHg2,0.0
LiAuC2,1.5611
DyPd2,0.0
Ba5Al5Pb,0.0
Mn2BeCd,0.0
TlPd3O4,1.1692
NdZnSbO,0.0
Be2SiTc,0.0
CrBiO3,0.7651
Cu3TeS3Cl,0.8482
Sr2Sb,0.0
KNaO3,0.0
Be2MoPb2,0.0
Ba4ZrSi,0.0
NaO2,0.0
Tl2Au,0.0
Ba4ZrBi,0.0
EuBiAu,0.0
Bi2TeI,0.0
Cu3Pd,0.0
Na2SnO3,2.4748
LiHF2,8.4225
Te2Mo2W(SeS)2,0.1157
Na2B2Se7,1.486
HfN,0.0
Sm2TeO2,1.5701
SmGeRu,0.0
NdLuSe3,0.5545
YSi2,0.0
Mo5As4,0.0
Zr2Ga3,0.0
Zr(InBr3)2,2.239
Mg2Al2Se5,1.3067
Th2P2O9,5.3611
Ca(MoO2)2,0.0
Sr2BeTc2,0.0
Si2AsP,0.0
KBe2Hg,0.0
TaBe2In,0.0
Be2PSe,0.0
Tm2HgOs,0.0
ZrBeCd,0.0
MgBiPO6,0.0
As3W2,0.0
PuOF,0.0
CeZn3Cu2,0.0
Ba4TaHg,0.0
Nd2O3,3.8411
Ba4TcW,0.0
BeVPd4,0.0
BaHg2(ClO)2,1.6467
TiPRu,0.0
Hf9AsW4,0.0
YbCrO4,2.1025
Hf2IrRu,0.0
LiVFeO4,0.0
HfAu,0.0
SrCd,0.0
CaAlAu,0.0
Mg2BePt,0.0
Si2MoO6,0.0
Rb3AsSe4,1.1706
MgSiRh2,0.0
W2C,0.0
MgAs,0.0
Ni(BO2)2,0.8711
Sr2IrO4,0.0
NdTlTe2,0.6647
Ho(SiOs)2,0.0
ThSe,0.0
BaLiNi2,0.0
SrHfN2,0.3624
In3Ni2,0.0
BePtSe2,0.0
Te6MoW3Se2,0.3452
Li2Mn2NiO6,0.7103
NaCdPd2,0.0
LiFeSnO4,0.0
Na3Sn,0.0
ScCu3,0.0
ErSe,0.0
UAs,0.0
Re3Pt,0.0
SrHg2Bi,0.0
Tb5Ge3,0.0
TbFeSi,0.0
Sc6Si7Ni6,0.0
LiBeIr4,0.0
Sc2HgOs,0.0
RbBaO3,0.0
Li3VCr(PO)4,0.191
Lu2PdRu,0.0
SbP(OF3)2,4.3938
K4I2O,1.3857
SmAsS,0.1113
BeTlRu,0.0
Pd2N,0.0
Be2PdRu,0.0
Li2SmIn,0.0
Na2Cd(SO4)2,4.1646
KAs2F7,4.9328
Dy(FeB)2,0.0
NiPbO3,0.0
BaLaMo2,0.0
Tm2CuPd,0.0
CrO2,0.0
RbLiO3,0.0
BeGeP2,0.8728
BeGa4Rh,0.0
Mn(CoO2)4,0.0
HfBiRh,0.0
ScBeV,0.0
Sr2YTlCr2O7,0.0
Y2MgRu,0.0
AgHgSI,1.2332
BeSi2Os,0.0
HoIr,0.0
AgRhO2,0.6114
HfCo,0.0
DyO3,0.0
Pd(SeCl3)2,1.6285
K4BeAs2,1.0002
LiSi3,0.0
NdN,0.0
MnBe2Cl,0.0
SrBeCl,0.0
Hg(BiS2)2,1.0418
BeV2Si,0.0
UFe2,0.0
BeSnPb,0.0
Be2SbPd,0.0
Si3CCl8,4.4638
TiTc2Mo,0.0
KNa2BN2,2.2096
SrAgP,0.1843
PmInPd2,0.0
CaVF5,0.0
BaZn(NiO2)4,0.0
CaBeCd2,0.0
Rb2FeI4,0.0
Co(GeO3)2,0.0
Th6CoBr5,0.5768
Pm2ZnPb,0.0
PrNi2,0.0
YbIn5Ir,0.0
SrBeMo2,0.0
Ca(BH)2,0.052000000000000005
TbIn3,0.0
BaCaTi4,0.0
Na3NiO2,0.0
LuAg2,0.0
LiSbAu2,0.0
FeBr3,0.0
LaSbPd,0.0
Li2SnGe,0.0
FePd3,0.0
TlGaTe2,0.5131
YbTlPd2,0.0
TiC,0.0
Li2NbCr3O8,0.0
Na2CdHg,0.0
BaYVCuO5,0.0
Li2TlBi,0.383
MgAuO2,0.0
GaCu2As,0.0
Be2GaPd,0.0
ZrBeCr,0.0
Er5(CoTe)2,0.0
Be2CoRh,0.0
Li2HgAu,0.0
Er(SiRu)2,0.0
Er(FeGe)2,0.0
Li2InIr,0.0
TiZn2,0.0
Rb2ZnCl4,4.5492
FeRh,0.0
LiYb2Rh,0.0
TlSbF6,3.9239
CaBiAu,0.0
IrRu,0.0
Tm2CuRu,0.0
Re3Pb,0.0
MnPt3,0.0
Li3Mn5Cr2O2,0.0
Ba4FeCo,0.0
Cu(BO2)2,0.0
ZrBeBi,0.0
K2Zr(BO3)2,3.5751
Ca2TaBe,0.0
TlPd3,0.0
BaHf2Ni,0.0
Cr(PO3)2,0.4665
IrCl3,1.7931
YMnAs,0.0
Tm2CoCu,0.0
Li2MgGa,0.0
Mn2OF3,0.0
BeOsW2,0.0
Tl2Ge2O7,0.0
SrIn2Pt,0.0
KNaZnO2,2.0818
Sc2AgOs,0.0
Co3(CSe)2,0.0
BaCd2Cl,0.0
YbNiC2,0.0
Sr2IN,1.9995
Tb4C5,0.0
FeO2,0.0
Be2TlPb,0.0
NpSi,0.0
BaLiSi,0.0
MgIn3,0.0
KAl(SO4)2,6.056
BaHfN2,1.2982
MgBe2Ge,0.0
BaCd,0.0
Ti2Co2P7,0.0
Cu2SO4,1.5457
LiAg2Sb,0.5206
HgPd2Au,0.0
UP3,0.0
Nd(CoAs)2,0.0
TmLuPd2,0.0
PmRh3,0.0
ZrB2,0.0
PrC2,0.0
BaIrBr,0.1505
LuSnAu,0.0
NaSr(PO3)3,5.7412
Lu8Te,0.0
Na3BN2,1.9368
Rb2Se3,0.7124
BeFeSe,0.0
K3AlTe3,2.2188
Li2HgAs,0.0
Nd2Sn2O7,2.8688
BeB2,0.0
Mn(PH4)2,2.4937
K2SbAu,1.051
Y3Tm,0.0
YbP,0.0
CF4,9.6434
Tm2OsPd,0.0
KNaO,2.6492
Ca(VS2)4,0.0
Ca(Ni2O3)2,0.0
YbMgAu,0.0
Na3LiMnBPO7,1.8563
NaBeCo4,0.0
Ba4BeRh,0.0
LuHg,0.0
Ni3Au,0.0
Ca3PbN,0.0
LiO2,0.0
Sm(FeO2)2,0.0
Yb(MnSb)2,0.0
TcXeO4F5,2.1925
LiAg2Pb,0.0
Li(CO)2,2.3344
Li3Si2(NiO4)2,0.0
Ba4ScV,0.0
Te5Mo4S3,0.7075
ZrBe2Si,0.0
CaGaGeH,0.5678
Mg2As,0.0
Ba4MnHg,0.0
ThSe,0.0
H4CN5Cl,3.3187
KC2IN2,4.2108
Dy3InN,0.0
Th(SiTc)2,0.0
Th(FeSi)2,0.0
Pr3SiAgS7,1.7491
ZnGeO3,2.3732
BeIn4Pb,0.0
V2ReTc,0.0
Li2Fe3CuO8,0.0
K2AgI3,2.6468
AlCoF5,0.1908
Er2ZnAu,0.0
BaNiMo2,0.0
Hf2MnZn,0.0
Na2Ni5,0.0
KH3F4,7.7751
Y2AgIr,0.0
NaCd3,0.0
Ba2SrTeO6,3.4292
CuSiTc2,0.0
Fe2CuO4,0.0
Ba2HoB2ClO6,4.2221
TbPd2,0.0
Sm2Ru2O7,0.0
AgBrO2,0.3583
Pa3Ta,0.0
DySe2,0.0
TiBe2Ge,0.0
Tb(MnGe)2,0.0
Zr2Al3C5,0.0
CaBeFe2,0.0
Al2PdPt,0.0
Li4Ti3Cu3(TeO3)2,0.0
TbB6,0.0
Nb2FeAs,0.0
Sr2ZnGe,0.0
ZnCu2O3,0.0
Ba3(AlSi)2,0.0
AgAsO3,0.4679
VC,0.0
ZrN,0.0
Cr2As,0.0
ScSbPd,0.2956
RhI,0.0
V2NiS4,0.0
HoVO4,2.7743
Li2PdO2,1.3416
Ba4LiV,0.0
Er2Fe2Si2C,0.0
LiCr3O8,0.3769
TiZnF6,4.0791
MnSiTc2,0.0
LiLuF4,8.1746
CoPS3,0.0
Li4TiO4,4.5162
YbTm3,0.0
LiGaGe,0.0
Fe3PtN,0.0
Cu(IO3)2,0.3995
Rb2Cr(BrCl)2,0.0
TmSeO3F,4.3491
YbIn,0.0
Sr2CoMoO6,0.0
Ca2HN,1.7316
Hf3(Cu2Si)2,0.0
NaClO3,5.6998
CeIn2Ir,0.0
LiSi2BiO6,3.7659
CdSb,0.0
LiTiBe2,0.0
Li2Cu2F5,0.0
LiBeAs,1.217
Ba(SbRu2)2,0.0
Mg3Hg,0.0
Nd3Al3Si3(NO)2,3.9981
TaSnRu2,0.0
LiMnPt2,0.0
TeAsIr,0.0
TaCu3S4,2.0566
Na2PtSe2,0.9948
B2Pd5,0.0
Ho3CuSiS7,1.9184
LiMn4O8,0.0
YbMgHg2,0.0
CrCo5O2,0.0
Ba4LaBi,0.0
RbPb2Br5,3.0326
ScCu,0.0
TbNiSn,0.0
SbTePd,0.0
BeBr2,5.4355
Li4Fe3Si3O2,0.0
BaNaMo,0.0
Be2FeOs,0.0
BeRe2Cl,0.0
Ag2HgSI2,1.1693
Lu2(CN2)3,3.7593
LiHfAu2,0.0
PbWO4,0.8456
TcB,0.0
BaMgBr,0.0
K2Ge(I3O4)2,3.0833
NaMnO4,1.7483
Sc2AlSi2,0.0
Sn2Ir,0.0
Dy2IrRh,0.0
Sm2Se2O,1.713
Ho2Fe2Si2C,0.0
TiZnO2,0.3526
SmLuMg2,0.0
BaCaPb,0.0
BeHgGe4,0.0
Cd3P2,0.0
Li2MnVO4,0.0
Te2Mo(WSe2)2,0.4735
NdSb,0.0
HfBeRe2,0.0
BaSrCl,0.0
Mn5CoO2,0.0
TbCdF6,0.0
TmMn2,0.0
Ba3Ti2O7,2.2382
Y2TlCd,0.0
Sr2PdAu,0.0
BeCoBr4,0.0
Li2VFe(PO4)2,0.0
SrBePb4,0.0
TlIO3,2.8669
Na2PSe3,1.8045
BeNbP2,0.0
BaBPO5,5.8746
Sr2BeCu,0.0
CoPH6O6F,0.3253
TbGaPt,0.0
BeInGa4,0.0
BaSc2Ir,0.0
Ni3(BO3)2,0.1796
Tm2S3,2.5834
DyAgTe2,0.8761
TiMn5O2,0.0
BaCaPb2,0.0
Mn4BeRe,0.0
RbSnBr3,0.7451
InBF4,4.7526
Li2MnCr2O6,0.3815
SrCu5,0.0
Ba4TlV,0.0
TiF3,0.0
Ti2ZnS4,0.0
FeSbS,0.4761
Ba2PCl,1.0632
InAgTe2,0.0
TmTlS2,1.4327
BeCoCl4,0.0
Fe3PdN,0.0
Ge3Rh,0.0
Sr5P3ClO2,5.505
TaHgS2,0.0
P3Ru,0.9782
BaMg(SbO2)4,0.0
Na2CeO3,1.7426
Al2VCl8,1.651
Ce6B2(CBr)3,0.0
BeNiPd2,0.0
SrBeBi2,0.0
MnBeNi,0.0
LiClO2,2.6054
Al2ZnSe4,2.2925
NaCd2Pt,0.0
LiTiV2O6,0.0
Al2Si2H4O9,5.1237
BaNbBi,0.0
KAuS,2.2957
ScPPt,0.0
Sr(SbPd)2,0.0
UMnB4,0.0
Tm2NiAs2,0.0
MnCSO7,0.7761
HfCu3,0.0
Sr4CaFe2(SO3)2,0.0
BaLaIn2,0.0
LuCu5,0.0
KCa2Be,0.0
LuMnO3,0.0
Yb(GeRh)2,0.0
BeSiN2,3.8367
CrSiTe3,0.5532
NdAs,0.0
TbBi,0.0
Sb4I2O5,1.8835
Mg3C,0.0
CoRe3,0.0
Ni(AgO)2,0.0
BeZnOs2,0.0
AlCo3,0.0
Zr3O,0.0
HgBrO3,3.0148
Fe5B2P,0.0
HfBeSb2,0.0
VFeCoSb,0.0
Li6I3N,2.8077
TaTeCl9,2.524
YMgPd,0.0
Mg2Rh,0.0
TmMnRh2,0.0
BaGaBO3F2,5.2904
NaZr2ZnF,5.843
KNaBe,0.0
Zr2TaBe,0.0
BaLiBi,0.3859
CrAg3ClO4,1.1029
NaSb3O8,0.8669
K2MnBe,0.0
WOF4,4.3428
HfOs3,0.0
BaYCuMoO5,0.0
TaB,0.0
HfGaRu2,0.0
Mg4BeNi,0.0
Mg(BC)2,1.2182
AgPS3,1.3543
B2AsP,1.2878
CeAl2Pt3,0.0
BaVSi2,0.0
BiB,0.1761
Li6VCoP2(CO2)2,0.0
NdBO3,5.0247
Y3I7O,2.5692
Ba2TlCuO5,0.0
CaMg2N2,2.4869
LiLaHg2,0.0
Li5Ti2Co5O2,0.0
BaCaMg2,0.0
NaMgTl2,0.0
BaWCl,1.0164
Tb2ZnNi2,0.0
Pm2ZnSi,0.0
NbNi3,0.0
AlZnIr2,0.0
MoSBr,0.8846
CN2,4.6928
PrErZn2,0.0
HoSnPd,0.0
AgSbO3,0.0
ZnCl2,3.9478
Li4Sn(BO3)2,2.9161
U3Se4,0.0
KNb4O5F,0.0
OsS2,0.0
BeOs2Pd,0.0
ErGeRh,0.0
Sb2Ir,0.4698
Th(FeGe)2,0.0
SmFeP,0.0899
Ca2Rh,0.0
Mg2TiO4,3.3696
Sc2NCl2,0.0
Ba4MnSi,0.0
BeCrSi2,0.0
Na2CdCl4,3.6301
KSb2,0.2397
Tb4CdCo,0.0
Rb3BS3,2.6591
BiTeI,1.2002
BaCeO3,2.5424
Mn(ReO4)2,0.0
Ca2SnAu,0.0
ReSn2Se,0.0
BaMnIn2,0.0
BaPr2FeS5,0.0
Y2ZnCu,0.0
CuF,0.0
BeBiF3,1.0519
Y2BeBi,0.0
BeCdMo2,0.0
Ba3Mn2O8,1.0027
TiSbRu,0.0
NbSnRu,0.0
SmSbO4,2.3389
BePBr2,0.0
Y(GeRu)2,0.0
NbCo3,0.0
LiBeFe,0.0
Be2PPd,0.0
TbReB4,0.0
LiAgO2,0.0
Fe3Sn2,0.0
CaBeCd,0.0
ZrVAs,0.0
Ni3S2,0.0
MoPt,0.0
Ba(CrAs)2,0.0
YBe2Se,0.0
Tm3TaO7,3.4314
YbPt2,0.0
Li3BrO,4.6716
BeTlP4,0.0
YbBr2,4.7496
MgTiIr2,0.0
Tm2TiO5,3.0869999999999997
NaTi5Se8,0.0
Ba4CrSb,0.0
LiCd2Ag,0.0
UBi2,0.0
Hg2TeO3,2.0405
TaCrO4,0.9532
TmHfOs2,0.0
Te3W2Se,0.3367
DyB2Rh2C,0.0
Cu2Ag2O3,0.0
NiS,0.0
Lu2CdIn,0.0
CdAuO2,0.0
BaPbBr,0.0
KTb3,6.9311
Tl3Cd,0.0
Np(Al2Fe)4,0.0
Th(MnSi)2,0.0
Li2MnO2F,0.6111
Ga(IO3)3,3.2553
NdBi2IO4,1.386
Mn2AlCr,0.0
Lu4CoB3,0.0
TmCl3,4.707
CeSi3Ru,0.0
HoMnB4,0.0
Ba4SiP,0.0
MgPS3,3.1228
LiAlPdF6,1.0826
CaPmPt2,0.0
MnGa,0.0
Sr3SmRhO6,2.0412
MgH2(SeO3)2,4.1891
TbH2Br,1.8097
V3NiS6,0.0
Sm3Pd,0.0
Be2InIr,0.0
BaYGe2,0.0
HoTl3,0.0
In3NO3,0.0
LuAgSn,0.0
Tb(MnSi)2,0.0
NdBRh3,0.0
SmPPd,0.0
UAl3Ni2,0.0
Tb(FeGe)2,0.0
LiEr2Tl,0.0
Ti2AsRh,0.0
AcBr3,4.186
HoS2,0.0
Ni3Pt,0.0
Rb3Hf,0.0
Hf2ReTc,0.0
Lu3TlC,0.0
Ce2InNi2,0.0
V5As3C,0.0
BeNi2Mo,0.0
NdCoSi,0.0
TlCuPSe3,1.5278
HfCo2,0.0
BeCo2Cl,0.0
BaIF,4.0375
Ti2BeCo,0.0
Be2CuPt,0.0
Cu2SnSe4,0.0
TlN,0.0
SmPd,0.0
Fe2Ge,0.0
USnAu,0.0
LuNi2,0.0
Te7Mo4S,0.5613
LiBe2Pb,0.0
TaCo2,0.0
BaSiTe,0.0
Be2SiNi,0.0
BiPO4,2.1391
SbAsO4,3.2467
YbCd,0.0
PmTlAu2,0.0
Be2CuHg,0.0
MgZrBe,0.0
MnSnF6,0.0
NiAuO2,0.0
HoZnIn,0.0
Br2O,1.1411
AgClO2,0.4108
CaIn,0.0
KAg3S2,1.4322
TmTl3,0.0
PbF4,1.8493
TlGaO2,2.2173
LuNi2B2C,0.0
TlCuS2,0.0
Ni(WO4)2,0.2427
BeCd2Br,0.0
BaTi(BO3)2,2.3745
Ba4ZnRe,0.0
Na2CdSn,0.0
Er(Fe2Ge)2,0.0
ZrAg2,0.0
Li2AlPd,0.0
CaGa,0.0
KRhO3,0.0
HoB2,0.0
ThScTc2,0.0
Mg2VBiO6,3.1165
Sr(AlS2)2,3.7066
NpB2,0.0
Mg3ReH7,2.6867
Ac2Mg,0.0
Ba4GaCu,0.0
UB2Rh2C,0.0
Li5MnO5,0.0
Na2ThF6,7.0520000000000005
YbPmPt2,0.0
SbBr3,2.8508
NbCrP,0.0
NaMg,0.0
NdNiO2,0.0
Rb4I2O,0.8544
Lu(CoGe)2,0.0
Li5Cu(PO4)2,2.3133
ThSi2,0.0
Te2W2SeS,0.0
Be2CrP,0.0
ZrAlCo2,0.0
InGeCl3,1.9242
BaSe3,0.9964
NaTl2In,0.2819
Ba2Nd2Co4O,0.0
NpFe3,0.0
SrPS3,3.0974
TiTc2W,0.0
Ce4Sb3,0.0
NbAlPt,0.0
HfZrHg2,0.0
CdPt3,0.0
HoBiO3,2.4229
Hf2Zn,0.0
SmAlSi,0.0
TmNi4B,0.0
Zn2AsRh,0.0
KAuBr4,0.7058
Mn2BeGa,0.0
CaTmPt2,0.0
ScGaNi2,0.0
Sr2AlTlV2O7,0.0
CeBiPt,0.0
BaMgOs2,0.0
Na2Ni2O3,0.0
PaGaFe2,0.0
Sr(GeRu)2,0.0
HfO2,3.4783
Ba3Ho2Cu2Pt,0.3832
SmScSi,0.0
Na2ZrSe3,1.3464
FeOF,0.0
Y2MgGe2,0.0
KLiBeF4,7.1196
Ba2ErSbO6,3.6253
MnBe2Tl,0.0
HfBeSb,0.0
BeCoGe2,0.0
RbAuF4,2.4963
NaAlPO4F,5.9432
Li2FeSiCO7,0.3452
Ba2PrPtO6,0.0
RbAuCl4,1.8402
BeCu2Se,0.0
HfMgBe2,0.0
RbCaSb,1.7505
InSe,0.8769
Ba4CdTc,0.0
Dy2ZnRu,0.0
VPbO3,0.0
Li3Co(OF)2,0.6182
VBO4,2.7543
SmErO3,4.8648
Rb3Sm,0.0
Al2NiO4,0.0
LuAl4Ni,0.0
Yb4Sb2O,0.6804
Sr3(BS3)2,2.3568
Li2NiP2O7,1.0090000000000001
SnRh2,0.0
Mo3Se4,0.0
BeCN2,4.1359
Mo3(Se2S)2,0.5478
Ti2CrIr,0.0
ZrScBe,0.0
HgPd3,0.0
Pm2PtRh,0.0
ScBeSb4,0.0
Sr3SbP,0.0
Tm2Te5O3,3.0285
Tb2S3,0.6187
US3,0.0
Be2SiMo,0.0
Li2BeTc,0.0
CdSnO3,0.0
LiBe2Cl,0.0
Zn3BPO7,3.4972
MgBe2Sn,0.0
NaAsSe2,0.9549
TbGa,0.0
TeAuCl7,1.4665
SmB2Rh3,0.0
Na3MnF6,0.4357
Ni(RhSe2)2,0.0
Fe2AsAu,0.0
SmGaSb2,0.0
Ca2BHN2,3.0087
PI3,1.9722
K2BaPb,0.0
DyCd,0.0
Nb3Tl,0.0
Sb4O5F2,2.935
TmAsO4,3.7814
LiCrSnO4,0.0
ScGaPt2,0.0
BeGeIr2,0.0
KBe2Br,0.0
Na2PdF4,1.3232
ReN2,0.0
GeBO3,0.0
U3Cl,0.0
Li2Mn3TeO8,0.0
Hg(CO2)2,2.802
Ba4TlPt,0.0
Ca(GaO2)2,3.2921
SrGe2,0.0
YC2,0.0
KPrTe4,0.3338
LiVCO4,0.0
NaHS,3.3979
Na2La2Ti3,2.1042
LiGaAg2,0.0
BaZrCu2,0.0
Ti2CuTc,0.0
ErCo2,0.0
KAlP4(HO)4,5.9959
K3GeSe3,1.8106
BaBi2O5,0.0
Li3Co2(SiO4)2,0.0
BaNaNb,0.0
YS2,0.0
YInNi,0.0
LuCoC2,0.0
AcTlHg2,0.0
LiErHg2,0.0
HoCd,0.0
Te7Mo8S9,0.8448
CeNi,0.0
CaVO3,0.0
Er(PRu)2,0.0
Li3VP2HO8,1.6889
ZnFePO5,0.0
LiFeAs2O7,0.6326
BaTbO3,0.0
Pm2IrRh,0.0
YBe2Cl,0.0
NdAsPd,0.0
SeBr3,0.0
Ba2TiBi,0.0
PH6(NO)2,5.0382
BeCd2Ga,0.0
Ca2CuO3,0.0
IrCl3,0.4819
Hf3Pt,0.0
Cd2Ru(CN)6,2.5746
NaClO4,5.9254
BeNiHg,0.0
SbS2NCl6,1.1807
Pr7O2,0.0
HfGePt,0.0
Tm2MgTl,0.0
Ca2BeIr,0.0
TmTe,0.0
MnBeTc2,0.0
Fe2GeO4,0.0
CrCuS2,0.0
MnAlPd2,0.0
MnSbRh,0.0
PbSe2,0.0
CaCu3(Ge2O)2,0.8232
UCl5,0.3761
FeSi,0.1526
MgAs4,0.8396
Ba3Bi(ClO)3,3.7573
Na3Tl,0.0
Ho2Au,0.0
CeNiSnH,0.0
Nb5(NiP)4,0.0
LiGaO2,3.3458
PaN,0.0
Ba2Mg(B3O)2,5.7172
AgAuO2,0.0
TiZnIr2,0.0
Yb2CdIn,0.0
Sr(Li2P)2,1.0348
Ho7Co6Sn23,0.0
Er4InRh,0.0
BaGaGeH,0.0
Al2ZnO4,4.2546
TbIn5Rh,0.0
LiDySe2,1.5601
Li2Fe3WO8,0.0
HfSiS,0.0
Li2PbO3,1.1224
Tm2TlAg,0.0
Rb2VCuS4,1.2966
BaLi2Ca,0.0
CaTi2O4,0.0
Be2RuCl,0.0
KSrCO3F,4.1868
HgB4O7,1.8268
Na8TiAs4,1.1828
Ba4NiSe,0.0
Be2SiOs,0.0
Li2Nd2Si3,0.0
SrS,1.777
CaTiSiO5,2.9557
NdSnAu,0.0
BeTcRh,0.0
YPd2Pb,0.0
NaBeV2,0.0
TaBeCl,0.0
KNb(AgSe2)2,1.3901
ThSnAu2,0.0
Li2CaTl,0.0
CeZnIn,0.0
TiZnSiO5,2.9796
HPbIO,2.8574
Ba2TiSn,0.0
Ba2HfS4,0.9121
MoPt2,0.0
BaNa2In,0.0
Hg2ClO,1.6702
TiRu3,0.0
NdIO,3.6792
K2NaMoF6,1.8693
ZrFeSe,0.3937
Li2CuF5,0.0954
PrGe2,0.0
LiCrP2O7,1.7157
Ni6Ge2B,0.0
Ba3In2Br2O5,1.4368
YC,0.0
AlRu,0.0
NaI,2.8308
Li2Mn3F8,2.1573
TiP2O7,2.2805
TbSi2,0.0
BeMoP2,0.0
BeCoCu2,0.0
Sr3BPO3,2.1664
LiVCr(PO)4,0.125
Ba4NbTc,0.0
AcFeO3,0.0
Be2InRu,0.0
K2BeW,0.0
Sr5Al9,0.0
Be2ReSi,0.0
Ba4BeZn,0.0
Be2PIr,0.0
LiAlGeO4,3.2529
UAlRh,0.0
GeP3,0.0
AlVPt,0.0
TaBeMo,0.0
Pr3SiAgSe7,1.5028
UNi2B2C,0.0
GaTeI7,1.5562
Ba2Mn2Sb2O,0.0
DySeClO3,4.3553
Se2Cl2O5,0.0
BeNbCd,0.0
VGaAs,0.0
KNbSe2,0.8041
Rb2MnTe2,0.8556
BaCaTe,0.0
Ba2CaMoO6,2.1481
AlVF5,1.0156
LaB2Ru3,0.0
BeGeMo2,0.0
Mg2NiH4,1.7254
Sr(MnAs)2,0.0
Li3Cu3TeO8,0.0
MgH2SeO9,5.1232
NaSb,0.5128
Al5CuS8,1.5852
BaTiSe2,0.0
TaC,0.0
Nd(SiNi)2,0.0
LiCd2Pd,0.0
Ba2Mn2Bi2O,0.0
Ba2SnSe,0.0
Sr(AlSe2)2,3.1436
SrH4(ClO)2,5.3813
Mg3Mn,0.0
NdSeF,1.0373
TlAs,0.0
Mo2AsPd,0.0
MnNbO4,0.0
Nd2CdSe4,1.0233
RbNO2,2.354
RbIn4,0.0
Mg2Co2P7,0.0
LaV,0.0
K3Mn2O8,0.0
SmFe5,0.0
Be2CrRu,0.0
Li3Fe3O8,0.0
MoW3(SeS)4,0.6942
LiBeOs2,0.0
CoReGe2,0.0
MnOF,0.0
Rb2SBrCl6,0.0
BeHgPb2,0.0
MgNiPO5,0.2121
Co2SbTe,0.0
FePbO3,0.0
TlCoMo2,0.0
LiBeSi,0.0
Sc3Si3Ni2,0.0
SrPrO3,0.0
Tb2Nb2O7,0.0
Ba4LiNb,0.0
LiBC,1.3047
TaBePd4,0.0
SiH8C2N8(OF3)2,5.1979
Li2Si2O5,5.3689
Ga2Ge4Pb3O4,2.3517
V3Os,0.0
MgBe2Br,0.0
PbWO4,3.3023
Yb2Sn2O7,0.0
TmLuTl2,0.0
KNdO2,3.7969999999999997
Ba4HfSb,0.0
Li2CuF4,0.7438
KAgO,0.0
UCr3,0.0
NpC,0.0
Sc7NCl2,0.0
BeInSb2,0.0
H2O,5.3288
Tl2AgI3,2.3164
PrBN2,2.1329
BeGaTe,0.0
Li2FeF5,1.3624
CeInNi,0.0
ZnP4,0.9871
MgTa2O6,3.1222
K2Mn2O3,0.0
Ce4C2Br5,0.0
BeRePb,0.0
ScP,0.0
RbTmS2,2.3734
AlBN2,3.3071
CrS2,0.0
Ba4HfTe,0.0
Sr2TiO4,1.9534
Ag2O3,0.0
Al(CrB)2,0.0
Eu3(AsPd)4,0.0
Sc2CuAu,0.0
Hf(PS3)2,2.2883
Er5BiAu2,0.0
Mg2ZnPd,0.0
BaPr2MnS5,0.4183
Sm2Be2GeO7,4.5643
Al2FeCo,0.0
LiYb2Ga,0.0
MoCl3,0.4181
PrH,0.0
BaSnSb2,0.0
PuGa3,0.0
Y3CuSnS7,1.4853
SrLi(BS2)3,2.8807
SnF4,3.1593
TbPO4,6.157
Mn4Al,0.0
Ba2MnTl,0.0
Ce3Ga,0.0
Ca(BH4)2,5.1063
Pr6IrCl,0.6259
KYS2,2.405
K2MgF4,6.9559
Er2CuPt,0.0
MgAg,0.0
Sm2IrRu,0.0
ErIn3,0.0
MgBeV2,0.0
LaBe2Tl,0.0
MoN2,0.0
HfTa2Be,0.0
MgCoO3,0.0
PrCrO4,0.0
Be2GaRu,0.0
SiPd2,0.0
Na2H4Pd,2.585
Tb(CoB)2,0.0
LiV2O3F,0.0
K2B2S7,2.5728
Ba4RuCl,0.0
PuO,0.0
Re2MoAs,0.0
NpOsO3,0.0
KBaCr2,0.0
K4BeOs,0.0
Al2PbO4,3.963
HoSnAu,0.0
Y2SiO5,5.0226
Sb3Mo,0.0
Cr4FeCuS8,0.0
CeS2,0.0
YbBr3,0.0
NaV(OF)2,2.1254
Cr3B4,0.0
Li3Fe(Sb2O)2,0.0
SiAs3,0.0
ScSi2Rh,0.0
Nb3SBr7,0.7398
Ta2CrRu,0.0
CrN,0.0
Ba4ScNb,0.0
Ta3Br7,1.2341
KTaBe2,0.0
BaCrIn4,0.1354
LiN,0.0
Be3Al2(Si3O4)2,5.34
ErNi2,0.0
Sc2MnAs,0.0
Pr4C2Cl5,0.0
Nd3GaC,0.0
PmHo3,0.0
BaAlBO3F2,6.6464
SrCdHg2,0.0
CaFe(GeO3)2,0.0
MnTcPd,0.0
Er2Ti3Si4,0.0
MgBeCr,0.0
TlBS2,1.6980000000000002
Ba2Re6S,1.283
V3Co,0.0
Ir3Rh,0.0
Ba4MgSe,0.0
NdCoP,0.0
DyCoO3,0.2906
Ba2PbCl,0.0
NbAlOs2,0.0
Rb2CoS2,0.0
K2HgTe,1.8185
ScGa5Co,0.0
Be2OsPd,0.0
WCl6,0.4764
Mg(MoO2)4,0.0
HoInAu2,0.0
Ho(FeB)2,0.0
Te6RhCl3,1.0282
BaBiMo,0.0
Tm5(SiSb)2,0.0
Ag3Pt,0.0
ScGeRh2,0.0
BeCuBr,0.0
Mg(CN)2,6.2468
Rb3Nd,0.0
KC4N3,3.7515
Ba4BeTe,0.0
Yb2Ti2O7,0.0
V3Ag,0.0
Y2AgHg,0.0
Ba4ZrOs,0.0
K2NpO4,0.3799
FeCuO2,0.0
Sr3Co2Cl2O5,0.0
Hf3Te2,0.0
NdB4,0.0
CaIn4Pd,0.0
LuSi2,0.0
SiAsP2,0.0
CoPtO2,0.0
SrFeO2,0.0
KNiF3,0.0
K4CO4,3.2077
Mn2CoAs,0.0
BeTl2Rh,0.0
NdP,0.0
NdMg2Ag,0.0
MgH8(ClO)2,5.6794
NaBe2Ru,0.0
RbSO4F,2.375
Ti3V2O9,0.0
LiSiNO,5.6954
Ba3In2O5F2,1.7711
CeCuN2,0.0
Li2ZnPd,0.0
Y2ZnRu,0.0
V3CuO8,0.0
NaH2Pd3,0.0
SmZnPO,1.2223
CaO,2.0083
Li5Nb2Fe5O2,0.0
CoPdO2,0.0
Sr8Fe3N8,0.0
Sr2FeSO3,0.0
Ca2Pt3O8,1.0824
Mn2Ge,0.0
MnCoS,0.0
U(SiRu)2,0.0
CaGe,0.0
Li5TaO5,3.7836
Sn2PClO4,2.9111
CsNiF3,0.0
Ta2Se,0.0
HfMg3,0.0
Li2O2,0.0
BaYBr5,3.4121
Nb2Cd2O7,1.7744
Li2Co3SbO8,0.8606
TmCrO4,0.0
Ba4CdRh,0.0
Y2CuO4,0.0
KTe,0.1988
Cd(CN)2,6.1505
TlTcAs,0.0
Na2(CaSi)3,4.6798
Sr(ZnAs)2,0.2177
V2CrOs,0.0
TcO3F,2.5876
RbTl2Bi,0.0
MgTiPO5,0.2357
Cu2GeS4,0.0
Na2RuO3,0.0
SmHo3,0.0
CS2,2.8814
Ce(PRu)2,0.0
PaCl5,2.5167
SmHoIr2,0.0
CaTiSiO5,2.9516
GaPt3,0.0
TaBe2Fe,0.0
TlSn2Br5,2.3889
NbSeI3,0.5887
Ni2Sn4Au,0.0
H4OF2,7.2755
Zr(I2O)2,3.1717
YAlAg2,0.0
Mg(CO2)2,3.5439999999999996
WS2,0.6969
Al3Fe,0.0
SbCl3,3.45
Li2NdTl,0.0
As2O3,4.1486
Ca(PIr)2,0.4562
Be2InPd,0.0
Ba4HfSc,0.0
LiPt3,0.0
RbIrO3,0.0
CaBe2In,0.0
Er2SeO2,2.327
LiMnAs,0.0
YFe4Cu3O2,0.0
LiMn3OF5,1.2714
PrBiO4,0.7190000000000001
Ti2MoIr,0.0
BeRe2Ir,0.0
NdOF,5.2874
ErTlS2,1.5423
TbAl4Ni,0.0
NiAsSe,0.0
V2GeAs,0.0
Sr2ZrO4,3.2675
Ca3BiAs,0.0
CeNiO3,0.0
Mg(AlCl4)2,5.2049
Y2W2O9,2.9205
CoP3,0.0
Mg(ScGa)2,0.0
Li2(CoO2)3,0.0
SrBePd,0.0
LuGaPd2,0.0
TbMnSi,0.0
TiAs2,0.0
Be2RuSe,0.0
YScBe,0.0
MgSn,0.0
Be2TcOs,0.0
YBeCd,0.0
BaBOF3,6.3770000000000024
SbN9,2.6878
Ba2TeMo,0.0
BaNdO3,0.0
TaHO3,2.8137
LiAgF2,0.6279
Yb2PdRh,0.0
BeSi2Sn,0.0
Na3Sb,0.5103
ScNbO4,3.3156
Si2O,0.0
FeGe,0.0
NdAl,0.0
CaTiF6,4.6129
Nd2Co6Sn,0.0
BaNd,0.0
TlNi,0.0
BeTlSe,0.0
KNaH2,3.1109
NaBe2Fe,0.0
BaTlCl,0.0
Np(SiIr)2,0.0
Mn3N2,0.0
Mg2BBrN2,3.6203
Sr2SmNbO6,3.1971
LiY2Ag,0.0
ScZn2Pd,0.0
LiTiPt2,0.0
K4Na2TeO6,2.4697
SnF3,2.9403
Zn(SnN)2,0.0
Ba4MnW,0.0
Ba2SmSbO6,3.8932
Li2Fe(BO3)2,0.0
TaTeBr9,1.9491
TaSbRu,0.8752
ScBeIn4,0.0
Li4MnF7,1.1719
CoBr,0.0
NiP3,0.0
PrSmZn2,0.0
RbV(CuS2)2,1.1071
ZnH,0.0
NdMnPO,0.0
CeTe2,0.0
NdN,0.0
Ba4ScTl,0.0
ScNiGe,0.0
Ca2CdAg,0.0
TbRh3C,0.0
Ba4LiGa,0.0
BeSnGe,0.0
Tb3Er,0.0
YbCuSb,0.0
TbCrB4,0.2556
BaSn5,0.0
NaCaAu2,0.0
SrCa3O4,3.3797
Ca3FeRhO6,0.3892
IrC2,0.0
Rb3GePSe7,1.4575
Sm(MnSi)2,0.0
BaPd2Rh,0.0
HfGa4Co,0.0
Sc2BeCo,0.0
RbSnS2,0.0
YMnBe2,0.0
YbCO3,4.8441
SrAg2,0.0
BaZrBi2,0.0
Ba4TlRu,0.0
SnClF,3.3123
Ba4YMo,0.0
UNi4Sn,0.0
Tl2Sn2S5,1.2945
Rb2Cu2SnS4,0.9535
YB2Ru3,0.0
BaMgPb,0.0
Ag2SnO3,0.0
LiCu2F6,0.0
Tm(GeRu)2,0.0
HoMnSi,0.0
MgS2O7,5.9568
Li3Bi,0.5718
TmGa3,0.0
Ta2TcMo,0.0
NiTe2,0.0
SnHgF6,2.4148
Np(CuGe)2,0.0
BeZnCd4,0.0
Mn2Be2Zn,0.0
K3V3O8,0.0
PrB2Pt2C,0.0
Ti2FeS4,0.0
BeCr2Tc,0.0
ErSCl,2.844
BaLaSi2,0.0
BaCu,0.0
As3Rh,0.0
Er2OsPd,0.0
VFeSe,0.0
Ag2HgO2,0.4558
UMnSe3,0.0
Li2CuF6,0.0
CaUS2,0.0
NdRh2,0.0
CoSnC4Cl3O4,2.6010000000000004
Cd2P3Cl,1.1841
Li4VO4F,3.7524
Si4P4Ru,1.5232
H8Pt(NCl3)2,1.7446
SbSCl9,1.4425
ZnBiAsO5,2.9184
USe,0.0
AlPt,0.0
UPt4Au,0.0
TmSb,0.0
KBaBi2,0.0
Er2NiOs,0.0
Bi3Rh,0.0
TlS,0.0
YbLuTl2,0.0
Ba3BPO7,3.2545
K(CuSe)2,0.0
DyN,0.1167
HoPb3,0.0
TiMnRh2,0.0
BaBr2,4.2594
MgZrO3,1.0031
LiCaTa2O6F,3.7060000000000004
LuTh3,0.0
NaHg,0.0
Be2CuPd,0.0
NdGeAu,0.0
Nd(NiSb)2,0.0
Tb(NiGe)2,0.0
Mn2Be2Te,0.0
NaSrP,1.4133
K2Na3TlO4,1.4493
NaNb(CuS2)2,1.6648
Mn3(OF3)2,0.0
NaBe2V,0.0
Be2ReGe,0.0
PCl2OF,5.07
Tl3Br,0.0
Ga2CuO4,0.0
Ti5Sn3,0.0
NaInH8(NF3)2,5.349
TaRu3,0.0
Nd2CdIn,0.0
BaZn(CuO2)4,0.0
Be2ReTe,0.0
KCd(NO2)3,0.0
ScHg,0.0
KO2,0.0
Li3Nb4VO2,0.0
V4O5F7,0.1847
ScGaRu2,0.0
WS,0.0
Er2Hf2O7,3.0887
Ti2Te2P,0.0
Ca(MnS2)4,0.0
Li2AgHg,0.0
ZnSbF5,4.1216
ThC,0.0
UCu4Au,0.0
PH4Br,4.1705
Li2VCl4,1.1725
Co(RhO2)2,0.3333
ZnGa3,0.0
Ca6GaN5,0.9035
Ba4RhSe,0.0
Sm2CdPd2,0.0
Sm2SCl4,3.5085
Ba2TaBr,0.0
Be2NbFe,0.0
LiSi2Ir,0.0
SrTcO3,0.0
Ta2BeCd,0.0
Ba4YSc,0.0
BaIn2Sb,0.0
LiV2FeO6,0.0
Ba4PtRh,0.0
Be2SeBr,0.0
Li6Mn5CoO2,0.0
Ge3N4,1.9982
Na3AlSe3,2.5518
ZrCoBi,0.9859
Co3TeO8,0.0
AsOsAu,0.0
MgCuP,0.1102
LiMnOF2,0.6372
ZrRu3C,0.0
Hf2CoRe,0.0
LiFe3O3F4,0.0
NdVO4,2.8206
Ba2NaCu,0.0
Ce(GePt)2,0.0
Cu3PS4,1.0755
Lu2SO2,3.2228
Sr2GaSbO6,0.9462
Yb4Bi3,0.0
DyNiBi,0.1794
TaBe2Cr,0.0
BaZr4Ti,0.0
ZrHgO3,0.0
Hg2Mo2O7,2.1698
Ta3SiTe6,0.0
Ca(FeO2)4,0.0
In3Ir,0.0
Zn2CuN2,0.0
Mn2BeW,0.0
Tl2Pd,0.0
HfBeSb2,0.0
Rb2Cd3Se4,1.4599
TbOF,5.2119
AlCr(WO4)2,0.0
BeInSn,0.0
Dy2OsPd,0.0
V3(As2O3)2,0.0
NaClO4,5.7911
BaHIO,4.2348
Ba2NbCl,0.0
NdBrO,4.5075
HgOsO3,0.0
Be2CoIr,0.0
HgPbF6,1.2697
Ca4PdO6,1.8231
SnN,0.0
SrSnHg,0.0
Al5HO8,4.7567
Li2Ge2O5,3.303
Ba4CoHg,0.0
Y3Sb4Au3,0.6214
LaCu5,0.0
YErHg2,0.0
TiZnO3,0.0
TaBe2Tl,0.0
LiBeSb,0.0
Be2NbNi,0.0
Zr6Al2Co,0.0
H5NO,4.8196
SmCl3,3.1039
CaBe2Cd,0.0
Ba2CoBr,0.0
YSnPd2,0.0
KSbO3,1.3064
Li4Fe3SbO8,0.0
MnCoSn,0.0
YTa3O9,3.4474
Ni2SnAs,0.0
UGa3,0.0
PmHgRh2,0.0
HfBe2Fe,0.0
Ba2GaHg,0.0
Y(CoSi)2,0.0
UPd3,0.0
K2MnF6,0.0
Na4Ge2Se5,1.6173
Sr2ZnMoO6,2.1008
BaHfNi2,0.0
Li4P2(N2O)3,4.162
LiZnCd2,0.0
Ta4GaSe8,0.0
Sr(AgGe)2,0.0
DyRh2,0.0
SiGeAs,0.0
SnWO4,0.7128
LiScSi,0.4596
Ba4ZrTi,0.0
Li2Ga,0.0
CdSnP2,0.0
TiBeTc,0.0
Sc2RuRh,0.0
Ba(Mo3S4)2,0.0
Ba4ScIr,0.0
KYbO2,0.0
Hf3N2O3,3.3562
LiBe2Se,0.0
BaBeBi,0.0
LiBH2,0.5345
SeS,0.0
Mg(NiO2)2,0.0
Ni4N,0.0
Ba4CrCl,0.0
ZrTaNO,0.0
AlGaN2,2.9463
CaCrF5,1.0166
BePtBr2,0.0
Tl3F,0.0
ZnTcMo,0.0
Rb3Ru,0.0
BaZnCO3F2,5.2085
BaGaRe2,0.0
SmCoO3,0.0
Mg2PtRh,0.0
Er2TlAg,0.0
Ti3Sn,0.0
BeFeTc2,0.0
TlMo2Cl7O2,0.5491
RbAu5,0.0
LuCdPd2,0.0
CrAgS2,0.0
CdS,0.8863
Mn3B4,0.0
BaTaMn2,0.0
KHgC2IN2,2.5217
PtO2,1.4695
SrGe,0.0
Sm3Ti,0.0
Na3Np(HO3)2,1.2618
Lu6FeSb2,0.0
ScBe2Te,0.0
BaPt,0.0
K2LaBe,0.0
ScAgSe2,0.7653
ZrInAu,0.5255
Ca(NiN)2,0.0
Y2SiCO7,4.8925
Er2B4C,0.0
Na2Ti3Cl8,0.0
BaMnS2,0.2487
U3P4,0.0
Zn2Hg2OF6,0.8531
YbI2,3.655
BaTaCl,0.0
SrSnP,0.0
Sb2Pd,0.0
CaZrO3,4.0481
BeCuTe,0.0
Pa3Tl,0.0
Ta3TeI7,0.529
Ni3GeC,0.0
NbFeTe2,0.0
BeP4Ru,0.0
ZrTiO4,2.6593
Ac3Hg,0.0
Ba4MgCu,0.0
SrHBr,4.0739
Ba2YSb,0.0
BaNaBO3,3.9455
Ti2Be7,0.0
Pr2CBr,0.0
TbAsO4,3.8523
SeBr2,0.8244
Lu2O3,4.2239
LiPmHg2,0.0
Nb3SnS6,0.0
Sr(GaH)2,0.0
AgHgAsS3,1.1607
Li4FeO3F,0.8901
LiTiPO4F,0.0
NaH3C2O5,3.2318
Tl2Hg2PdCl8,1.6135
LiFePO4,0.0
LiNbIr2,0.0
SmAu3,0.0
Na2SeO4,3.5212
CeAl3Ni2,0.0
LiGaSe2,2.0936
SmNi2B2C,0.0
Ba2CrCd,0.0
ZrCoP,0.0
Ti6Al6Rh7,0.0
CeTiGe,0.0
CuSe2Cl,0.5509
KBaSn,0.0
AlCuPt2,0.0
Zn2PdRh,0.0
BaNa2Ga,0.0
Pr3CuGeSe7,1.1664
BaBeNb2,0.0
Na2BePt,0.0
Na3OsO5,0.0588
TbAlAg2,0.0
DyYHg2,0.0
As4S3,1.9001
BaLiTl,0.0
Li2Ti2NiO6,1.1562
TmSb(PbO3)2,2.8424
BaTlSe2,0.0
Dy4(FeB2)3,0.0
MnClO3,1.7201
AsPd5,0.0
PrCuSb2,0.0
LiScRh2,0.0
NdAu3,0.0
Hg2SeO3,2.2911
RbCl,5.3358
ScIr2,0.0
CdHg2SO6,1.4385
AuSCl5,1.7358
LuAl3,0.0
In3Ga,0.0
BaRuO3,0.0
Rb2Bi2O5,0.0
KHfPdF7,0.7938
Re3W,0.0
Ba2LuCu3O7,0.0
LaF3,6.1435
BeInFe2,0.0
Hf2OsPd,0.0
Ca(FeO2)2,0.0
BeSnCl2,0.0
RhN,0.0
NaMgF3,6.3378
Zn(FeS2)2,0.0
CaHg,0.0
CaF2,7.5894
HOF,3.1985
CdSiP2,0.0
ScAlAg2,0.0
Ba2CuTeO6,0.0
Ti2Re,0.0
LiPF6,8.0261
Yb3SnO,0.0
LiSbS2,0.2612
SbCl(OF3)2,2.217
Fe2C,0.0
ZrAlRh2,0.0
Er(FeO2)2,0.0
Ba4TiIr,0.0
Sc5Si3,0.0
Li4CuF5,1.4807
Ba4CuRu,0.0
SnBiO4,0.0
BH8CN,6.4093
K3Rh,0.0
NaAc2Pb,0.0
Li2ScPCO7,4.3443
Sc3In,0.0
MgZnAs,0.0
CsBeF3,6.6291
CoGe,0.0
Li2VCrO4,0.0
V2H,0.0
NbO2,0.0
UTeS,0.0
NaNi2O3,0.0
PrH2,0.0
Sr6In2NF,0.0
Ca(CrN)2,0.0
PmCdPt2,0.0
Si2Mo,0.1401
Mo2AsOs,0.0
Nd2Sb,0.0
TlV2AgO6,1.9111
MgSbO3,0.5920000000000001
YCo3B2,0.0
MgNiF4,1.1059
HfBeRu2,0.0
VFe3,0.0
NbCl5,2.0638
BeGePb2,0.0
K4MnCl6,2.1794
YSnRu2,0.0
BeP4Pt,0.0
NaLi2As,0.0
FeBr2,0.0
BaCa(AgO2)4,0.0
YAs,0.0
Ba2TiCr,0.0
Ta2Se3,0.0
Cd3(BO3)2,1.6482
NaS,0.0
Ho3CuSiSe7,1.7343
NiB,0.0
ZnFeF4,0.0
MgSnP2,1.1499
CaPAu,0.0
ZrBe2Ga,0.0
VP2(HO)6,1.274
UNCl,0.0
Tm(NiGe)2,0.0
NaCu3F7,0.0
Al2CuO4,0.0
BaC2(SN)2,3.9115
Er3SnC,0.0
Ca3(AlAs2)2,1.106
ZrPd2,0.0
Y3Al,0.0
Mg2PN3,4.0472
PbBrF,2.945
Pr3GaO6,3.8118
Li5CuF8,0.8865
AlPO4,0.0
LiZr2Tc,0.0
Ca3Fe2Cl2O5,0.0
CdHClO,2.5036
BaDyFe2O5,0.0
SNF,3.3448
Mg(AlS2)2,2.206
SbSI,1.1604
Li5V5Cr2O2,0.0
Be2ZnGa,0.0
MnS2(NO2)4,2.1302
LuScRh2,0.0
SrSe,2.2398
Li4VF6,1.1046
Nb2Hg2O7,0.4432
KGaH4,5.0974
